 #
 # Subroutine ELSEPA. Elastic scattering of electrons and positrons
 #                    by neutral atoms and positive ions
 #
 # Projectile: electron
 # Kinetic energy = 3.70000E+06 eV = 1.35973E+05 a.u.
 #
 # WARNING: High-energy factorization with free-atom DF screening.
 #          Absorption, polarization and exchange corrections are
 #          switched off.
 #          Phase shifts are calculated for the bare nucleus.
 #          Scattering amplitudes are not evaluated.
 #
 # Element: Br,  Z =  35,  atomic weight = 7.99040E+01 g/mol
 #
 # Nuclear model: Fermi distribution
 #                Average radius = 4.60865E-13 cm
 #                Skin thickness = 5.46000E-14 cm
 #
 # Number of electrons = 35
 #
 # Total elastic cross section = 2.75914E-18 cm**2 = 9.85306E-02 a0**2
 # 1st transport cross section = 1.06040E-22 cm**2 = 3.78675E-06 a0**2
 # 2nd transport cross section = 2.98267E-22 cm**2 = 1.06513E-05 a0**2
 #
 #
 # Differential cross section:                       MU=(1-COS(THETA))/2
 #
 #  THETA        MU          DCS          DCS        Sherman      error
 #  (deg)                 (cm**2/sr)   (a0**2/sr)    function
 #----------------------------------------------------------------------
  0.000E+00  0.00000E+00  3.33355E-13  1.19043E+04  0.00000E+00  1.0E-05
  1.000E-04  7.61557E-13  3.33354E-13  1.19043E+04  0.00000E+00  1.0E-05
  1.250E-04  1.18994E-12  3.33354E-13  1.19043E+04  0.00000E+00  1.0E-05
  1.500E-04  1.71346E-12  3.33353E-13  1.19043E+04  0.00000E+00  1.0E-05
  1.750E-04  2.33225E-12  3.33352E-13  1.19042E+04  0.00000E+00  1.0E-05
  2.000E-04  3.04617E-12  3.33351E-13  1.19042E+04  0.00000E+00  1.0E-05
  2.250E-04  3.85530E-12  3.33350E-13  1.19042E+04  0.00000E+00  1.0E-05
  2.500E-04  4.75964E-12  3.33349E-13  1.19041E+04  0.00000E+00  1.0E-05
  2.750E-04  5.75917E-12  3.33348E-13  1.19041E+04  0.00000E+00  1.0E-05
  3.000E-04  6.85391E-12  3.33347E-13  1.19040E+04  0.00000E+00  1.0E-05
  3.250E-04  8.04379E-12  3.33346E-13  1.19040E+04  0.00000E+00  1.0E-05
  3.500E-04  9.32893E-12  3.33344E-13  1.19039E+04  0.00000E+00  1.0E-05
  3.750E-04  1.07092E-11  3.33342E-13  1.19039E+04  0.00000E+00  1.0E-05
  4.000E-04  1.21847E-11  3.33341E-13  1.19038E+04  0.00000E+00  1.0E-05
  4.250E-04  1.37554E-11  3.33339E-13  1.19037E+04  0.00000E+00  1.0E-05
  4.500E-04  1.54213E-11  3.33337E-13  1.19037E+04  0.00000E+00  1.0E-05
  4.750E-04  1.71823E-11  3.33335E-13  1.19036E+04  0.00000E+00  1.0E-05
  5.000E-04  1.90386E-11  3.33332E-13  1.19035E+04  0.00000E+00  1.0E-05
  5.250E-04  2.09900E-11  3.33330E-13  1.19034E+04  0.00000E+00  1.0E-05
  5.500E-04  2.30367E-11  3.33328E-13  1.19033E+04  0.00000E+00  1.0E-05
  5.750E-04  2.51785E-11  3.33325E-13  1.19033E+04  0.00000E+00  1.0E-05
  6.000E-04  2.74156E-11  3.33322E-13  1.19032E+04  0.00000E+00  1.0E-05
  6.250E-04  2.97478E-11  3.33320E-13  1.19031E+04  0.00000E+00  1.0E-05
  6.500E-04  3.21752E-11  3.33317E-13  1.19030E+04  0.00000E+00  1.0E-05
  6.750E-04  3.46979E-11  3.33314E-13  1.19029E+04  0.00000E+00  1.0E-05
  7.000E-04  3.73157E-11  3.33311E-13  1.19027E+04  0.00000E+00  1.0E-05
  7.250E-04  4.00286E-11  3.33307E-13  1.19026E+04  0.00000E+00  1.0E-05
  7.500E-04  4.28368E-11  3.33304E-13  1.19025E+04  0.00000E+00  1.0E-05
  7.750E-04  4.57402E-11  3.33301E-13  1.19024E+04  0.00000E+00  1.0E-05
  8.000E-04  4.87388E-11  3.33297E-13  1.19023E+04  0.00000E+00  1.0E-05
  8.250E-04  5.18325E-11  3.33293E-13  1.19021E+04  0.00000E+00  1.0E-05
  8.500E-04  5.50215E-11  3.33290E-13  1.19020E+04  0.00000E+00  1.0E-05
  8.750E-04  5.83057E-11  3.33286E-13  1.19018E+04  0.00000E+00  1.0E-05
  9.000E-04  6.16850E-11  3.33282E-13  1.19017E+04  0.00000E+00  1.0E-05
  9.250E-04  6.51595E-11  3.33278E-13  1.19016E+04  0.00000E+00  1.0E-05
  9.500E-04  6.87293E-11  3.33273E-13  1.19014E+04  0.00000E+00  1.0E-05
  9.750E-04  7.23943E-11  3.33269E-13  1.19012E+04  0.00000E+00  1.0E-05
  1.000E-03  7.61544E-11  3.33264E-13  1.19011E+04  0.00000E+00  1.0E-05
  1.250E-03  1.18991E-10  3.33213E-13  1.18993E+04  0.00000E+00  1.0E-05
  1.500E-03  1.71347E-10  3.33151E-13  1.18970E+04  0.00000E+00  1.0E-05
  1.750E-03  2.33223E-10  3.33077E-13  1.18944E+04  0.00000E+00  1.0E-05
  2.000E-03  3.04617E-10  3.32992E-13  1.18914E+04  0.00000E+00  1.0E-05
  2.250E-03  3.85531E-10  3.32896E-13  1.18879E+04  0.00000E+00  1.0E-05
  2.500E-03  4.75965E-10  3.32788E-13  1.18841E+04  0.00000E+00  1.0E-05
  2.750E-03  5.75917E-10  3.32669E-13  1.18798E+04  0.00000E+00  1.0E-05
  3.000E-03  6.85389E-10  3.32539E-13  1.18752E+04  0.00000E+00  1.0E-05
  3.250E-03  8.04380E-10  3.32397E-13  1.18701E+04  0.00000E+00  1.0E-05
  3.500E-03  9.32891E-10  3.32244E-13  1.18647E+04  0.00000E+00  1.0E-05
  3.750E-03  1.07092E-09  3.32080E-13  1.18588E+04  0.00000E+00  1.0E-05
  4.000E-03  1.21847E-09  3.31905E-13  1.18525E+04  0.00000E+00  1.0E-05
  4.250E-03  1.37554E-09  3.31719E-13  1.18459E+04  0.00000E+00  1.0E-05
  4.500E-03  1.54213E-09  3.31521E-13  1.18388E+04  0.00000E+00  1.0E-05
  4.750E-03  1.71823E-09  3.31312E-13  1.18314E+04  0.00000E+00  1.0E-05
  5.000E-03  1.90386E-09  3.31093E-13  1.18235E+04  0.00000E+00  1.0E-05
  5.250E-03  2.09900E-09  3.30862E-13  1.18153E+04  0.00000E+00  1.0E-05
  5.500E-03  2.30367E-09  3.30620E-13  1.18067E+04  0.00000E+00  1.0E-05
  5.750E-03  2.51785E-09  3.30368E-13  1.17976E+04  0.00000E+00  1.0E-05
  6.000E-03  2.74156E-09  3.30104E-13  1.17882E+04  0.00000E+00  1.0E-05
  6.250E-03  2.97478E-09  3.29830E-13  1.17784E+04  0.00000E+00  1.0E-05
  6.500E-03  3.21752E-09  3.29544E-13  1.17682E+04  0.00000E+00  1.0E-05
  6.750E-03  3.46978E-09  3.29248E-13  1.17577E+04  0.00000E+00  1.0E-05
  7.000E-03  3.73156E-09  3.28941E-13  1.17467E+04  0.00000E+00  1.0E-05
  7.250E-03  4.00286E-09  3.28623E-13  1.17354E+04  0.00000E+00  1.0E-05
  7.500E-03  4.28368E-09  3.28295E-13  1.17236E+04  0.00000E+00  1.0E-05
  7.750E-03  4.57402E-09  3.27956E-13  1.17115E+04  0.00000E+00  1.0E-05
  8.000E-03  4.87388E-09  3.27606E-13  1.16990E+04  0.00000E+00  1.0E-05
  8.250E-03  5.18326E-09  3.27246E-13  1.16862E+04  0.00000E+00  1.0E-05
  8.500E-03  5.50215E-09  3.26876E-13  1.16729E+04  0.00000E+00  1.0E-05
  8.750E-03  5.83057E-09  3.26495E-13  1.16593E+04  0.00000E+00  1.0E-05
  9.000E-03  6.16850E-09  3.26103E-13  1.16454E+04  0.00000E+00  1.0E-05
  9.250E-03  6.51596E-09  3.25702E-13  1.16310E+04  0.00000E+00  1.0E-05
  9.500E-03  6.87293E-09  3.25290E-13  1.16163E+04  0.00000E+00  1.0E-05
  9.750E-03  7.23942E-09  3.24868E-13  1.16012E+04  0.00000E+00  1.0E-05
  1.000E-02  7.61544E-09  3.24435E-13  1.15858E+04  0.00000E+00  1.0E-05
  1.250E-02  1.18991E-08  3.19570E-13  1.14120E+04  0.00000E+00  1.0E-05
  1.500E-02  1.71347E-08  3.13724E-13  1.12033E+04  0.00000E+00  1.0E-05
  1.750E-02  2.33223E-08  3.07054E-13  1.09651E+04  0.00000E+00  1.0E-05
  2.000E-02  3.04617E-08  2.99651E-13  1.07007E+04  0.00000E+00  1.0E-05
  2.250E-02  3.85531E-08  2.91532E-13  1.04108E+04  0.00000E+00  1.0E-05
  2.500E-02  4.75965E-08  2.82804E-13  1.00991E+04  0.00000E+00  1.0E-05
  2.750E-02  5.75917E-08  2.73634E-13  9.77165E+03  0.00000E+00  1.0E-05
  3.000E-02  6.85389E-08  2.64136E-13  9.43248E+03  0.00000E+00  1.0E-05
  3.250E-02  8.04380E-08  2.54329E-13  9.08226E+03  0.00000E+00  1.0E-05
  3.500E-02  9.32891E-08  2.44257E-13  8.72259E+03  0.00000E+00  1.0E-05
  3.750E-02  1.07092E-07  2.34132E-13  8.36099E+03  0.00000E+00  1.0E-05
  4.000E-02  1.21847E-07  2.24034E-13  8.00038E+03  0.00000E+00  1.0E-05
  4.250E-02  1.37554E-07  2.13990E-13  7.64171E+03  0.00000E+00  1.0E-05
  4.500E-02  1.54213E-07  2.03947E-13  7.28307E+03  0.00000E+00  1.0E-05
  4.750E-02  1.71823E-07  1.94123E-13  6.93226E+03  0.00000E+00  1.0E-05
  5.000E-02  1.90386E-07  1.84561E-13  6.59080E+03  0.00000E+00  1.0E-05
  5.250E-02  2.09900E-07  1.75292E-13  6.25977E+03  0.00000E+00  1.0E-05
  5.500E-02  2.30367E-07  1.66185E-13  5.93457E+03  0.00000E+00  1.0E-05
  5.750E-02  2.51785E-07  1.57437E-13  5.62219E+03  0.00000E+00  1.0E-05
  6.000E-02  2.74156E-07  1.49060E-13  5.32303E+03  0.00000E+00  1.0E-05
  6.250E-02  2.97478E-07  1.41057E-13  5.03725E+03  0.00000E+00  1.0E-05
  6.500E-02  3.21752E-07  1.33337E-13  4.76155E+03  0.00000E+00  1.0E-05
  6.750E-02  3.46978E-07  1.25988E-13  4.49912E+03  0.00000E+00  1.0E-05
  7.000E-02  3.73156E-07  1.19025E-13  4.25045E+03  0.00000E+00  1.0E-05
  7.250E-02  4.00286E-07  1.12436E-13  4.01516E+03  0.00000E+00  1.0E-05
  7.500E-02  4.28368E-07  1.06163E-13  3.79114E+03  0.00000E+00  1.0E-05
  7.750E-02  4.57402E-07  1.00223E-13  3.57903E+03  0.00000E+00  1.0E-05
  8.000E-02  4.87388E-07  9.46329E-14  3.37940E+03  0.00000E+00  1.0E-05
  8.250E-02  5.18325E-07  8.93747E-14  3.19163E+03  0.00000E+00  1.0E-05
  8.500E-02  5.50215E-07  8.44111E-14  3.01438E+03  0.00000E+00  1.0E-05
  8.750E-02  5.83057E-07  7.97265E-14  2.84709E+03  0.00000E+00  1.0E-05
  9.000E-02  6.16850E-07  7.53341E-14  2.69023E+03  0.00000E+00  1.0E-05
  9.250E-02  6.51596E-07  7.12161E-14  2.54317E+03  0.00000E+00  1.0E-05
  9.500E-02  6.87293E-07  6.73488E-14  2.40507E+03  0.00000E+00  1.0E-05
  9.750E-02  7.23942E-07  6.37044E-14  2.27493E+03  0.00000E+00  1.0E-05
  1.000E-01  7.61543E-07  6.02930E-14  2.15310E+03  0.00000E+00  1.0E-05
  1.250E-01  1.18991E-06  3.59315E-14  1.28314E+03  0.00000E+00  1.0E-05
  1.500E-01  1.71347E-06  2.27167E-14  8.11228E+02  0.00000E+00  1.0E-05
  1.750E-01  2.33223E-06  1.53980E-14  5.49872E+02  0.00000E+00  1.0E-05
  2.000E-01  3.04617E-06  1.09607E-14  3.91414E+02  0.00000E+00  1.0E-05
  2.250E-01  3.85531E-06  8.04542E-15  2.87307E+02  0.00000E+00  1.0E-05
  2.500E-01  4.75964E-06  6.04286E-15  2.15794E+02  0.00000E+00  1.0E-05
  2.750E-01  5.75916E-06  4.63063E-15  1.65363E+02  0.00000E+00  1.0E-05
  3.000E-01  6.85388E-06  3.60191E-15  1.28627E+02  0.00000E+00  1.0E-05
  3.250E-01  8.04378E-06  2.82649E-15  1.00936E+02  0.00000E+00  1.0E-05
  3.500E-01  9.32888E-06  2.23450E-15  7.97953E+01  0.00000E+00  1.0E-05
  3.750E-01  1.07092E-05  1.78477E-15  6.37355E+01  0.00000E+00  1.0E-05
  4.000E-01  1.21846E-05  1.43854E-15  5.13711E+01  0.00000E+00  1.0E-05
  4.250E-01  1.37553E-05  1.16845E-15  4.17262E+01  0.00000E+00  1.0E-05
  4.500E-01  1.54212E-05  9.55468E-16  3.41204E+01  0.00000E+00  1.0E-05
  4.750E-01  1.71822E-05  7.88127E-16  2.81445E+01  0.00000E+00  1.0E-05
  5.000E-01  1.90385E-05  6.55282E-16  2.34005E+01  0.00000E+00  1.0E-05
  5.250E-01  2.09899E-05  5.49132E-16  1.96099E+01  0.00000E+00  1.0E-05
  5.500E-01  2.30365E-05  4.63221E-16  1.65419E+01  0.00000E+00  1.0E-05
  5.750E-01  2.51783E-05  3.93566E-16  1.40545E+01  0.00000E+00  1.0E-05
  6.000E-01  2.74153E-05  3.36625E-16  1.20211E+01  0.00000E+00  1.0E-05
  6.250E-01  2.97475E-05  2.89737E-16  1.03467E+01  0.00000E+00  1.0E-05
  6.500E-01  3.21749E-05  2.50832E-16  8.95737E+00  0.00000E+00  1.0E-05
  6.750E-01  3.46974E-05  2.18339E-16  7.79702E+00  0.00000E+00  1.0E-05
  7.000E-01  3.73152E-05  1.91054E-16  6.82267E+00  0.00000E+00  1.0E-05
  7.250E-01  4.00281E-05  1.68008E-16  5.99968E+00  0.00000E+00  1.0E-05
  7.500E-01  4.28362E-05  1.48407E-16  5.29970E+00  0.00000E+00  1.0E-05
  7.750E-01  4.57395E-05  1.31642E-16  4.70104E+00  0.00000E+00  1.0E-05
  8.000E-01  4.87380E-05  1.17232E-16  4.18644E+00  0.00000E+00  1.0E-05
  8.250E-01  5.18317E-05  1.04781E-16  3.74180E+00  0.00000E+00  1.0E-05
  8.500E-01  5.50205E-05  9.39613E-17  3.35542E+00  0.00000E+00  1.0E-05
  8.750E-01  5.83045E-05  8.45136E-17  3.01803E+00  0.00000E+00  1.0E-05
  9.000E-01  6.16838E-05  7.62404E-17  2.72259E+00  0.00000E+00  1.0E-05
  9.250E-01  6.51582E-05  6.89679E-17  2.46289E+00  0.00000E+00  1.0E-05
  9.500E-01  6.87277E-05  6.25484E-17  2.23364E+00  0.00000E+00  1.0E-05
  9.750E-01  7.23925E-05  5.68558E-17  2.03036E+00  0.00000E+00  1.0E-05
  1.000E+00  7.61524E-05  5.18010E-17  1.84985E+00  0.00000E+00  4.2E-06
  1.100E+00  9.21439E-05  3.64232E-17  1.30070E+00  0.00000E+00  3.1E-06
  1.200E+00  1.09658E-04  2.63312E-17  9.40305E-01  0.00000E+00  1.6E-06
  1.300E+00  1.28695E-04  1.94798E-17  6.95636E-01  0.00000E+00  2.6E-07
  1.400E+00  1.49255E-04  1.46898E-17  5.24584E-01  0.00000E+00  7.6E-07
  1.500E+00  1.71338E-04  1.12831E-17  4.02927E-01  0.00000E+00  1.3E-06
  1.600E+00  1.94942E-04  8.80344E-18  3.14377E-01  0.00000E+00  1.3E-06
  1.700E+00  2.20070E-04  6.96407E-18  2.48692E-01  0.00000E+00  1.0E-06
  1.800E+00  2.46720E-04  5.57740E-18  1.99173E-01  0.00000E+00  5.4E-07
  1.900E+00  2.74892E-04  4.51896E-18  1.61375E-01  0.00000E+00  1.0E-07
  2.000E+00  3.04586E-04  3.70001E-18  1.32130E-01  0.00000E+00  3.6E-07
  2.100E+00  3.35803E-04  3.05846E-18  1.09220E-01  0.00000E+00  5.7E-07
  2.200E+00  3.68542E-04  2.54988E-18  9.10578E-02  0.00000E+00  5.9E-07
  2.300E+00  4.02802E-04  2.14305E-18  7.65297E-02  0.00000E+00  4.6E-07
  2.400E+00  4.38585E-04  1.81447E-18  6.47958E-02  0.00000E+00  2.3E-07
  2.500E+00  4.75889E-04  1.54675E-18  5.52354E-02  0.00000E+00  1.0E-07
  2.600E+00  5.14715E-04  1.32670E-18  4.73773E-02  0.00000E+00  2.1E-07
  2.700E+00  5.55063E-04  1.14459E-18  4.08741E-02  0.00000E+00  3.1E-07
  2.800E+00  5.96931E-04  9.92817E-19  3.54541E-02  0.00000E+00  3.2E-07
  2.900E+00  6.40321E-04  8.65495E-19  3.09074E-02  0.00000E+00  2.5E-07
  3.000E+00  6.85233E-04  7.58002E-19  2.70688E-02  0.00000E+00  1.2E-07
  3.100E+00  7.31665E-04  6.66749E-19  2.38100E-02  0.00000E+00  1.0E-07
  3.200E+00  7.79618E-04  5.88883E-19  2.10294E-02  0.00000E+00  1.4E-07
  3.300E+00  8.29092E-04  5.22106E-19  1.86447E-02  0.00000E+00  2.0E-07
  3.400E+00  8.80086E-04  4.64561E-19  1.65898E-02  0.00000E+00  2.0E-07
  3.500E+00  9.32601E-04  4.14747E-19  1.48109E-02  0.00000E+00  1.5E-07
  3.600E+00  9.86636E-04  3.71460E-19  1.32651E-02  0.00000E+00  1.0E-07
  3.700E+00  1.04219E-03  3.33698E-19  1.19166E-02  0.00000E+00  1.0E-07
  3.800E+00  1.09927E-03  3.00628E-19  1.07356E-02  0.00000E+00  1.0E-07
  3.900E+00  1.15786E-03  2.71560E-19  9.69757E-03  0.00000E+00  1.3E-07
  4.000E+00  1.21797E-03  2.45933E-19  8.78243E-03  0.00000E+00  1.3E-07
  4.100E+00  1.27961E-03  2.23269E-19  7.97309E-03  0.00000E+00  1.0E-07
  4.200E+00  1.34276E-03  2.03165E-19  7.25514E-03  0.00000E+00  1.0E-07
  4.300E+00  1.40743E-03  1.85273E-19  6.61622E-03  0.00000E+00  1.0E-07
  4.400E+00  1.47362E-03  1.69314E-19  6.04632E-03  0.00000E+00  1.0E-07
  4.500E+00  1.54133E-03  1.55042E-19  5.53666E-03  0.00000E+00  1.0E-07
  4.600E+00  1.61056E-03  1.42247E-19  5.07973E-03  0.00000E+00  1.0E-07
  4.700E+00  1.68131E-03  1.30745E-19  4.66899E-03  0.00000E+00  1.0E-07
  4.800E+00  1.75357E-03  1.20385E-19  4.29904E-03  0.00000E+00  1.0E-07
  4.900E+00  1.82735E-03  1.11034E-19  3.96511E-03  0.00000E+00  1.0E-07
  5.000E+00  1.90265E-03  1.02576E-19  3.66307E-03  0.00000E+00  1.0E-07
  5.100E+00  1.97947E-03  9.49091E-20  3.38927E-03  0.00000E+00  1.0E-07
  5.200E+00  2.05780E-03  8.79462E-20  3.14062E-03  0.00000E+00  1.0E-07
  5.300E+00  2.13765E-03  8.16121E-20  2.91442E-03  0.00000E+00  1.0E-07
  5.400E+00  2.21902E-03  7.58395E-20  2.70828E-03  0.00000E+00  1.0E-07
  5.500E+00  2.30190E-03  7.05691E-20  2.52007E-03  0.00000E+00  1.0E-07
  5.600E+00  2.38630E-03  6.57493E-20  2.34795E-03  0.00000E+00  1.0E-07
  5.700E+00  2.47222E-03  6.13351E-20  2.19032E-03  0.00000E+00  1.0E-07
  5.800E+00  2.55965E-03  5.72862E-20  2.04573E-03  0.00000E+00  1.0E-07
  5.900E+00  2.64859E-03  5.35667E-20  1.91290E-03  0.00000E+00  1.0E-07
  6.000E+00  2.73905E-03  5.01444E-20  1.79069E-03  0.00000E+00  1.0E-07
  6.100E+00  2.83103E-03  4.69920E-20  1.67811E-03  0.00000E+00  1.0E-07
  6.200E+00  2.92452E-03  4.40841E-20  1.57427E-03  0.00000E+00  1.0E-07
  6.300E+00  3.01952E-03  4.13983E-20  1.47836E-03  0.00000E+00  1.0E-07
  6.400E+00  3.11604E-03  3.89142E-20  1.38965E-03  0.00000E+00  1.0E-07
  6.500E+00  3.21407E-03  3.66142E-20  1.30752E-03  0.00000E+00  1.0E-07
  6.600E+00  3.31362E-03  3.44821E-20  1.23138E-03  0.00000E+00  1.0E-07
  6.700E+00  3.41468E-03  3.25035E-20  1.16072E-03  0.00000E+00  1.0E-07
  6.800E+00  3.51725E-03  3.06650E-20  1.09507E-03  0.00000E+00  1.0E-07
  6.900E+00  3.62133E-03  2.89550E-20  1.03400E-03  0.00000E+00  1.0E-07
  7.000E+00  3.72692E-03  2.73630E-20  9.77150E-04  0.00000E+00  1.0E-07
  7.100E+00  3.83403E-03  2.58793E-20  9.24165E-04  0.00000E+00  1.0E-07
  7.200E+00  3.94265E-03  2.44949E-20  8.74730E-04  0.00000E+00  1.0E-07
  7.300E+00  4.05278E-03  2.32022E-20  8.28567E-04  0.00000E+00  1.0E-07
  7.400E+00  4.16442E-03  2.19940E-20  7.85420E-04  0.00000E+00  1.0E-07
  7.500E+00  4.27757E-03  2.08637E-20  7.45056E-04  0.00000E+00  1.0E-07
  7.600E+00  4.39223E-03  1.98053E-20  7.07259E-04  0.00000E+00  1.0E-07
  7.700E+00  4.50840E-03  1.88133E-20  6.71835E-04  0.00000E+00  1.0E-07
  7.800E+00  4.62608E-03  1.78829E-20  6.38611E-04  0.00000E+00  1.0E-07
  7.900E+00  4.74527E-03  1.70096E-20  6.07422E-04  0.00000E+00  1.0E-07
  8.000E+00  4.86597E-03  1.61890E-20  5.78121E-04  0.00000E+00  1.0E-07
  8.100E+00  4.98817E-03  1.54176E-20  5.50572E-04  0.00000E+00  1.0E-07
  8.200E+00  5.11188E-03  1.46917E-20  5.24650E-04  0.00000E+00  1.0E-07
  8.300E+00  5.23711E-03  1.40082E-20  5.00243E-04  0.00000E+00  1.0E-07
  8.400E+00  5.36383E-03  1.33642E-20  4.77244E-04  0.00000E+00  1.0E-07
  8.500E+00  5.49207E-03  1.27569E-20  4.55556E-04  0.00000E+00  1.0E-07
  8.600E+00  5.62181E-03  1.21838E-20  4.35091E-04  0.00000E+00  1.0E-07
  8.700E+00  5.75306E-03  1.16427E-20  4.15768E-04  0.00000E+00  1.0E-07
  8.800E+00  5.88581E-03  1.11314E-20  3.97510E-04  0.00000E+00  1.0E-07
  8.900E+00  6.02007E-03  1.06480E-20  3.80247E-04  0.00000E+00  1.0E-07
  9.000E+00  6.15583E-03  1.01907E-20  3.63915E-04  0.00000E+00  1.0E-07
  9.100E+00  6.29310E-03  9.75773E-21  3.48455E-04  0.00000E+00  1.0E-07
  9.200E+00  6.43187E-03  9.34766E-21  3.33811E-04  0.00000E+00  1.0E-07
  9.300E+00  6.57214E-03  8.95899E-21  3.19931E-04  0.00000E+00  1.0E-07
  9.400E+00  6.71392E-03  8.59040E-21  3.06769E-04  0.00000E+00  1.0E-07
  9.500E+00  6.85720E-03  8.24067E-21  2.94280E-04  0.00000E+00  1.0E-07
  9.600E+00  7.00198E-03  7.90865E-21  2.82423E-04  0.00000E+00  1.0E-07
  9.700E+00  7.14827E-03  7.59325E-21  2.71160E-04  0.00000E+00  1.0E-07
  9.800E+00  7.29605E-03  7.29349E-21  2.60455E-04  0.00000E+00  1.0E-07
  9.900E+00  7.44534E-03  7.00845E-21  2.50276E-04  0.00000E+00  1.0E-07
  1.000E+01  7.59612E-03  6.73729E-21  2.40593E-04  0.00000E+00  1.0E-07
  1.025E+01  7.97965E-03  6.11484E-21  2.18365E-04  0.00000E+00  1.0E-07
  1.050E+01  8.37255E-03  5.56299E-21  1.98658E-04  0.00000E+00  1.0E-07
  1.075E+01  8.77480E-03  5.07231E-21  1.81136E-04  0.00000E+00  1.0E-07
  1.100E+01  9.18641E-03  4.63484E-21  1.65513E-04  0.00000E+00  1.0E-07
  1.125E+01  9.60736E-03  4.24378E-21  1.51548E-04  0.00000E+00  1.0E-07
  1.150E+01  1.00376E-02  3.89332E-21  1.39033E-04  0.00000E+00  1.0E-07
  1.175E+01  1.04773E-02  3.57851E-21  1.27791E-04  0.00000E+00  1.0E-07
  1.200E+01  1.09262E-02  3.29506E-21  1.17669E-04  0.00000E+00  1.0E-07
  1.225E+01  1.13844E-02  3.03929E-21  1.08535E-04  0.00000E+00  1.0E-07
  1.250E+01  1.18520E-02  2.80800E-21  1.00276E-04  0.00000E+00  1.0E-07
  1.275E+01  1.23288E-02  2.59844E-21  9.27920E-05  0.00000E+00  1.0E-07
  1.300E+01  1.28150E-02  2.40819E-21  8.59979E-05  0.00000E+00  1.0E-07
  1.325E+01  1.33104E-02  2.23514E-21  7.98181E-05  0.00000E+00  1.0E-07
  1.350E+01  1.38150E-02  2.07746E-21  7.41874E-05  0.00000E+00  1.0E-07
  1.375E+01  1.43290E-02  1.93353E-21  6.90476E-05  0.00000E+00  1.0E-07
  1.400E+01  1.48521E-02  1.80194E-21  6.43483E-05  0.00000E+00  1.0E-07
  1.425E+01  1.53845E-02  1.68142E-21  6.00447E-05  0.00000E+00  1.0E-07
  1.450E+01  1.59262E-02  1.57089E-21  5.60974E-05  0.00000E+00  1.0E-07
  1.475E+01  1.64770E-02  1.46935E-21  5.24715E-05  0.00000E+00  1.0E-07
  1.500E+01  1.70371E-02  1.37594E-21  4.91358E-05  0.00000E+00  1.0E-07
  1.525E+01  1.76063E-02  1.28989E-21  4.60629E-05  0.00000E+00  1.0E-07
  1.550E+01  1.81848E-02  1.21051E-21  4.32282E-05  0.00000E+00  1.0E-07
  1.575E+01  1.87724E-02  1.13719E-21  4.06099E-05  0.00000E+00  1.0E-07
  1.600E+01  1.93692E-02  1.06938E-21  3.81882E-05  0.00000E+00  1.0E-07
  1.625E+01  1.99751E-02  1.00658E-21  3.59458E-05  0.00000E+00  1.0E-07
  1.650E+01  2.05901E-02  9.48366E-22  3.38668E-05  0.00000E+00  1.0E-07
  1.675E+01  2.12143E-02  8.94328E-22  3.19370E-05  0.00000E+00  1.0E-07
  1.700E+01  2.18476E-02  8.44114E-22  3.01439E-05  0.00000E+00  1.0E-07
  1.725E+01  2.24900E-02  7.97402E-22  2.84757E-05  0.00000E+00  1.0E-07
  1.750E+01  2.31415E-02  7.53902E-22  2.69223E-05  0.00000E+00  1.0E-07
  1.775E+01  2.38021E-02  7.13351E-22  2.54742E-05  0.00000E+00  1.0E-07
  1.800E+01  2.44717E-02  6.75511E-22  2.41229E-05  0.00000E+00  1.0E-07
  1.825E+01  2.51504E-02  6.40167E-22  2.28608E-05  0.00000E+00  1.0E-07
  1.850E+01  2.58382E-02  6.07124E-22  2.16808E-05  0.00000E+00  1.0E-07
  1.875E+01  2.65349E-02  5.76202E-22  2.05765E-05  0.00000E+00  1.0E-07
  1.900E+01  2.72407E-02  5.47239E-22  1.95423E-05  0.00000E+00  1.0E-07
  1.925E+01  2.79555E-02  5.20088E-22  1.85727E-05  0.00000E+00  1.0E-07
  1.950E+01  2.86793E-02  4.94614E-22  1.76630E-05  0.00000E+00  1.0E-07
  1.975E+01  2.94120E-02  4.70694E-22  1.68088E-05  0.00000E+00  1.0E-07
  2.000E+01  3.01537E-02  4.48214E-22  1.60060E-05  0.00000E+00  1.0E-07
  2.025E+01  3.09043E-02  4.27070E-22  1.52510E-05  0.00000E+00  1.0E-07
  2.050E+01  3.16639E-02  4.07170E-22  1.45403E-05  0.00000E+00  1.0E-07
  2.075E+01  3.24324E-02  3.88424E-22  1.38709E-05  0.00000E+00  1.0E-07
  2.100E+01  3.32098E-02  3.70754E-22  1.32399E-05  0.00000E+00  1.0E-07
  2.125E+01  3.39961E-02  3.54086E-22  1.26446E-05  0.00000E+00  1.0E-07
  2.150E+01  3.47912E-02  3.38352E-22  1.20828E-05  0.00000E+00  1.0E-07
  2.175E+01  3.55952E-02  3.23489E-22  1.15520E-05  0.00000E+00  1.0E-07
  2.200E+01  3.64081E-02  3.09440E-22  1.10503E-05  0.00000E+00  1.0E-07
  2.225E+01  3.72297E-02  2.96152E-22  1.05758E-05  0.00000E+00  1.0E-07
  2.250E+01  3.80602E-02  2.83575E-22  1.01267E-05  0.00000E+00  1.0E-07
  2.275E+01  3.88995E-02  2.71665E-22  9.70133E-06  0.00000E+00  1.0E-07
  2.300E+01  3.97476E-02  2.60379E-22  9.29829E-06  0.00000E+00  1.0E-07
  2.325E+01  4.06044E-02  2.49677E-22  8.91613E-06  0.00000E+00  1.0E-07
  2.350E+01  4.14700E-02  2.39524E-22  8.55356E-06  0.00000E+00  1.0E-07
  2.375E+01  4.23443E-02  2.29887E-22  8.20940E-06  0.00000E+00  1.0E-07
  2.400E+01  4.32273E-02  2.20733E-22  7.88251E-06  0.00000E+00  1.0E-07
  2.425E+01  4.41190E-02  2.12034E-22  7.57186E-06  0.00000E+00  1.0E-07
  2.450E+01  4.50194E-02  2.03763E-22  7.27649E-06  0.00000E+00  1.0E-07
  2.475E+01  4.59284E-02  1.95894E-22  6.99550E-06  0.00000E+00  1.0E-07
  2.500E+01  4.68461E-02  1.88405E-22  6.72806E-06  0.00000E+00  1.0E-07
  2.550E+01  4.87074E-02  1.74478E-22  6.23073E-06  0.00000E+00  1.0E-07
  2.600E+01  5.06030E-02  1.61825E-22  5.77886E-06  0.00000E+00  1.0E-07
  2.650E+01  5.25328E-02  1.50306E-22  5.36753E-06  0.00000E+00  1.0E-07
  2.700E+01  5.44967E-02  1.39802E-22  4.99243E-06  0.00000E+00  1.0E-07
  2.750E+01  5.64946E-02  1.30207E-22  4.64977E-06  0.00000E+00  1.0E-07
  2.800E+01  5.85262E-02  1.21426E-22  4.33622E-06  0.00000E+00  1.0E-07
  2.850E+01  6.05914E-02  1.13379E-22  4.04885E-06  0.00000E+00  1.0E-07
  2.900E+01  6.26901E-02  1.05992E-22  3.78506E-06  0.00000E+00  1.0E-07
  2.950E+01  6.48222E-02  9.92015E-23  3.54255E-06  0.00000E+00  1.0E-07
  3.000E+01  6.69873E-02  9.29495E-23  3.31929E-06  0.00000E+00  1.0E-07
  3.050E+01  6.91854E-02  8.71856E-23  3.11345E-06  0.00000E+00  1.0E-07
  3.100E+01  7.14163E-02  8.18645E-23  2.92343E-06  0.00000E+00  1.0E-07
  3.150E+01  7.36799E-02  7.69457E-23  2.74778E-06  0.00000E+00  1.0E-07
  3.200E+01  7.59760E-02  7.23930E-23  2.58520E-06  0.00000E+00  1.0E-07
  3.250E+01  7.83043E-02  6.81741E-23  2.43454E-06  0.00000E+00  1.0E-07
  3.300E+01  8.06647E-02  6.42598E-23  2.29476E-06  0.00000E+00  1.0E-07
  3.350E+01  8.30571E-02  6.06240E-23  2.16492E-06  0.00000E+00  1.0E-07
  3.400E+01  8.54812E-02  5.72429E-23  2.04418E-06  0.00000E+00  1.0E-07
  3.450E+01  8.79369E-02  5.40955E-23  1.93179E-06  0.00000E+00  1.0E-07
  3.500E+01  9.04240E-02  5.11625E-23  1.82704E-06  0.00000E+00  1.0E-07
  3.550E+01  9.29422E-02  4.84264E-23  1.72934E-06  0.00000E+00  1.0E-07
  3.600E+01  9.54915E-02  4.58715E-23  1.63810E-06  0.00000E+00  1.0E-07
  3.650E+01  9.80716E-02  4.34836E-23  1.55283E-06  0.00000E+00  1.0E-07
  3.700E+01  1.00682E-01  4.12496E-23  1.47305E-06  0.00000E+00  1.0E-07
  3.750E+01  1.03323E-01  3.91576E-23  1.39834E-06  0.00000E+00  1.0E-07
  3.800E+01  1.05995E-01  3.71970E-23  1.32833E-06  0.00000E+00  1.0E-07
  3.850E+01  1.08696E-01  3.53579E-23  1.26265E-06  0.00000E+00  1.0E-07
  3.900E+01  1.11427E-01  3.36312E-23  1.20099E-06  0.00000E+00  1.0E-07
  3.950E+01  1.14188E-01  3.20089E-23  1.14306E-06  0.00000E+00  1.0E-07
  4.000E+01  1.16978E-01  3.04834E-23  1.08858E-06  0.00000E+00  1.0E-07
  4.050E+01  1.19797E-01  2.90478E-23  1.03731E-06  0.00000E+00  1.0E-07
  4.100E+01  1.22645E-01  2.76957E-23  9.89032E-07  0.00000E+00  1.0E-07
  4.150E+01  1.25522E-01  2.64214E-23  9.43526E-07  0.00000E+00  1.0E-07
  4.200E+01  1.28428E-01  2.52196E-23  9.00608E-07  0.00000E+00  1.0E-07
  4.250E+01  1.31361E-01  2.40853E-23  8.60100E-07  0.00000E+00  1.0E-07
  4.300E+01  1.34323E-01  2.30139E-23  8.21842E-07  0.00000E+00  1.0E-07
  4.350E+01  1.37313E-01  2.20014E-23  7.85684E-07  0.00000E+00  1.0E-07
  4.400E+01  1.40330E-01  2.10438E-23  7.51489E-07  0.00000E+00  1.0E-07
  4.450E+01  1.43375E-01  2.01377E-23  7.19130E-07  0.00000E+00  1.0E-07
  4.500E+01  1.46447E-01  1.92796E-23  6.88488E-07  0.00000E+00  1.0E-07
  4.550E+01  1.49545E-01  1.84666E-23  6.59456E-07  0.00000E+00  1.0E-07
  4.600E+01  1.52671E-01  1.76959E-23  6.31932E-07  0.00000E+00  1.0E-07
  4.650E+01  1.55823E-01  1.69648E-23  6.05822E-07  0.00000E+00  1.0E-07
  4.700E+01  1.59001E-01  1.62708E-23  5.81042E-07  0.00000E+00  1.0E-07
  4.750E+01  1.62205E-01  1.56118E-23  5.57507E-07  0.00000E+00  1.0E-07
  4.800E+01  1.65435E-01  1.49856E-23  5.35144E-07  0.00000E+00  1.0E-07
  4.850E+01  1.68690E-01  1.43902E-23  5.13885E-07  0.00000E+00  1.0E-07
  4.900E+01  1.71970E-01  1.38239E-23  4.93662E-07  0.00000E+00  1.0E-07
  4.950E+01  1.75276E-01  1.32850E-23  4.74417E-07  0.00000E+00  1.0E-07
  5.000E+01  1.78606E-01  1.27719E-23  4.56093E-07  0.00000E+00  1.0E-07
  5.050E+01  1.81961E-01  1.22831E-23  4.38637E-07  0.00000E+00  1.0E-07
  5.100E+01  1.85340E-01  1.18172E-23  4.22000E-07  0.00000E+00  1.0E-07
  5.150E+01  1.88743E-01  1.13730E-23  4.06137E-07  0.00000E+00  1.0E-07
  5.200E+01  1.92169E-01  1.09492E-23  3.91003E-07  0.00000E+00  1.0E-07
  5.250E+01  1.95619E-01  1.05447E-23  3.76559E-07  0.00000E+00  1.0E-07
  5.300E+01  1.99092E-01  1.01585E-23  3.62768E-07  0.00000E+00  1.0E-07
  5.350E+01  2.02589E-01  9.78965E-24  3.49595E-07  0.00000E+00  1.0E-07
  5.400E+01  2.06107E-01  9.43711E-24  3.37005E-07  0.00000E+00  1.0E-07
  5.450E+01  2.09649E-01  9.10007E-24  3.24970E-07  0.00000E+00  1.0E-07
  5.500E+01  2.13212E-01  8.77772E-24  3.13458E-07  0.00000E+00  1.0E-07
  5.550E+01  2.16797E-01  8.46929E-24  3.02444E-07  0.00000E+00  1.0E-07
  5.600E+01  2.20404E-01  8.17406E-24  2.91901E-07  0.00000E+00  1.0E-07
  5.650E+01  2.24032E-01  7.89136E-24  2.81806E-07  0.00000E+00  1.0E-07
  5.700E+01  2.27680E-01  7.62055E-24  2.72135E-07  0.00000E+00  1.0E-07
  5.750E+01  2.31350E-01  7.36103E-24  2.62867E-07  0.00000E+00  1.0E-07
  5.800E+01  2.35040E-01  7.11225E-24  2.53983E-07  0.00000E+00  1.0E-07
  5.850E+01  2.38751E-01  6.87367E-24  2.45463E-07  0.00000E+00  1.0E-07
  5.900E+01  2.42481E-01  6.64480E-24  2.37290E-07  0.00000E+00  1.0E-07
  5.950E+01  2.46231E-01  6.42516E-24  2.29447E-07  0.00000E+00  1.0E-07
  6.000E+01  2.50000E-01  6.21431E-24  2.21917E-07  0.00000E+00  1.0E-07
  6.050E+01  2.53788E-01  6.01184E-24  2.14687E-07  0.00000E+00  1.0E-07
  6.100E+01  2.57595E-01  5.81734E-24  2.07741E-07  0.00000E+00  1.0E-07
  6.150E+01  2.61421E-01  5.63043E-24  2.01066E-07  0.00000E+00  1.0E-07
  6.200E+01  2.65264E-01  5.45077E-24  1.94650E-07  0.00000E+00  1.0E-07
  6.250E+01  2.69126E-01  5.27802E-24  1.88481E-07  0.00000E+00  1.0E-07
  6.300E+01  2.73005E-01  5.11186E-24  1.82548E-07  0.00000E+00  1.0E-07
  6.350E+01  2.76901E-01  4.95199E-24  1.76839E-07  0.00000E+00  1.0E-07
  6.400E+01  2.80814E-01  4.79813E-24  1.71344E-07  0.00000E+00  1.0E-07
  6.450E+01  2.84744E-01  4.65002E-24  1.66055E-07  0.00000E+00  1.0E-07
  6.500E+01  2.88691E-01  4.50739E-24  1.60962E-07  0.00000E+00  1.0E-07
  6.550E+01  2.92653E-01  4.37001E-24  1.56056E-07  0.00000E+00  1.0E-07
  6.600E+01  2.96632E-01  4.23763E-24  1.51329E-07  0.00000E+00  1.0E-07
  6.650E+01  3.00625E-01  4.11005E-24  1.46773E-07  0.00000E+00  1.0E-07
  6.700E+01  3.04634E-01  3.98706E-24  1.42381E-07  0.00000E+00  1.0E-07
  6.750E+01  3.08658E-01  3.86846E-24  1.38145E-07  0.00000E+00  1.0E-07
  6.800E+01  3.12697E-01  3.75407E-24  1.34060E-07  0.00000E+00  1.0E-07
  6.850E+01  3.16749E-01  3.64370E-24  1.30119E-07  0.00000E+00  1.0E-07
  6.900E+01  3.20816E-01  3.53720E-24  1.26316E-07  0.00000E+00  1.0E-07
  6.950E+01  3.24896E-01  3.43439E-24  1.22644E-07  0.00000E+00  1.0E-07
  7.000E+01  3.28990E-01  3.33513E-24  1.19100E-07  0.00000E+00  1.0E-07
  7.050E+01  3.33097E-01  3.23927E-24  1.15676E-07  0.00000E+00  1.0E-07
  7.100E+01  3.37216E-01  3.14667E-24  1.12370E-07  0.00000E+00  1.0E-07
  7.150E+01  3.41348E-01  3.05720E-24  1.09174E-07  0.00000E+00  1.0E-07
  7.200E+01  3.45492E-01  2.97073E-24  1.06087E-07  0.00000E+00  1.0E-07
  7.250E+01  3.49647E-01  2.88715E-24  1.03102E-07  0.00000E+00  1.0E-07
  7.300E+01  3.53814E-01  2.80633E-24  1.00216E-07  0.00000E+00  1.0E-07
  7.350E+01  3.57992E-01  2.72818E-24  9.74249E-08  0.00000E+00  1.0E-07
  7.400E+01  3.62181E-01  2.65258E-24  9.47253E-08  0.00000E+00  1.0E-07
  7.450E+01  3.66381E-01  2.57944E-24  9.21135E-08  0.00000E+00  1.0E-07
  7.500E+01  3.70590E-01  2.50866E-24  8.95861E-08  0.00000E+00  1.0E-07
  7.550E+01  3.74810E-01  2.44016E-24  8.71398E-08  0.00000E+00  1.0E-07
  7.600E+01  3.79039E-01  2.37384E-24  8.47715E-08  0.00000E+00  1.0E-07
  7.650E+01  3.83277E-01  2.30963E-24  8.24783E-08  0.00000E+00  1.0E-07
  7.700E+01  3.87524E-01  2.24744E-24  8.02574E-08  0.00000E+00  1.0E-07
  7.750E+01  3.91780E-01  2.18719E-24  7.81060E-08  0.00000E+00  1.0E-07
  7.800E+01  3.96044E-01  2.12882E-24  7.60215E-08  0.00000E+00  1.0E-07
  7.850E+01  4.00316E-01  2.07225E-24  7.40016E-08  0.00000E+00  1.0E-07
  7.900E+01  4.04596E-01  2.01743E-24  7.20437E-08  0.00000E+00  1.0E-07
  7.950E+01  4.08882E-01  1.96428E-24  7.01458E-08  0.00000E+00  1.0E-07
  8.000E+01  4.13176E-01  1.91275E-24  6.83057E-08  0.00000E+00  1.0E-07
  8.050E+01  4.17476E-01  1.86278E-24  6.65211E-08  0.00000E+00  1.0E-07
  8.100E+01  4.21783E-01  1.81431E-24  6.47902E-08  0.00000E+00  1.0E-07
  8.150E+01  4.26095E-01  1.76729E-24  6.31111E-08  0.00000E+00  1.0E-07
  8.200E+01  4.30413E-01  1.72167E-24  6.14818E-08  0.00000E+00  1.0E-07
  8.250E+01  4.34737E-01  1.67739E-24  5.99007E-08  0.00000E+00  1.0E-07
  8.300E+01  4.39065E-01  1.63441E-24  5.83660E-08  0.00000E+00  1.0E-07
  8.350E+01  4.43398E-01  1.59269E-24  5.68761E-08  0.00000E+00  1.0E-07
  8.400E+01  4.47736E-01  1.55219E-24  5.54296E-08  0.00000E+00  1.0E-07
  8.450E+01  4.52077E-01  1.51285E-24  5.40248E-08  0.00000E+00  1.0E-07
  8.500E+01  4.56422E-01  1.47464E-24  5.26605E-08  0.00000E+00  1.0E-07
  8.550E+01  4.60770E-01  1.43753E-24  5.13352E-08  0.00000E+00  1.0E-07
  8.600E+01  4.65122E-01  1.40148E-24  5.00477E-08  0.00000E+00  1.0E-07
  8.650E+01  4.69476E-01  1.36644E-24  4.87965E-08  0.00000E+00  1.0E-07
  8.700E+01  4.73832E-01  1.33239E-24  4.75806E-08  0.00000E+00  1.0E-07
  8.750E+01  4.78190E-01  1.29930E-24  4.63987E-08  0.00000E+00  1.0E-07
  8.800E+01  4.82550E-01  1.26712E-24  4.52498E-08  0.00000E+00  1.0E-07
  8.850E+01  4.86912E-01  1.23584E-24  4.41327E-08  0.00000E+00  1.0E-07
  8.900E+01  4.91274E-01  1.20542E-24  4.30463E-08  0.00000E+00  1.0E-07
  8.950E+01  4.95637E-01  1.17583E-24  4.19898E-08  0.00000E+00  1.0E-07
  9.000E+01  5.00000E-01  1.14706E-24  4.09621E-08  0.00000E+00  1.0E-07
  9.050E+01  5.04363E-01  1.11906E-24  3.99624E-08  0.00000E+00  1.0E-07
  9.100E+01  5.08726E-01  1.09182E-24  3.89897E-08  0.00000E+00  1.0E-07
  9.150E+01  5.13088E-01  1.06532E-24  3.80432E-08  0.00000E+00  1.0E-07
  9.200E+01  5.17450E-01  1.03952E-24  3.71221E-08  0.00000E+00  1.0E-07
  9.250E+01  5.21810E-01  1.01442E-24  3.62255E-08  0.00000E+00  1.0E-07
  9.300E+01  5.26168E-01  9.89975E-25  3.53526E-08  0.00000E+00  1.0E-07
  9.350E+01  5.30524E-01  9.66178E-25  3.45028E-08  0.00000E+00  1.0E-07
  9.400E+01  5.34878E-01  9.43006E-25  3.36753E-08  0.00000E+00  1.0E-07
  9.450E+01  5.39230E-01  9.20439E-25  3.28695E-08  0.00000E+00  1.0E-07
  9.500E+01  5.43578E-01  8.98460E-25  3.20846E-08  0.00000E+00  1.0E-07
  9.550E+01  5.47923E-01  8.77050E-25  3.13200E-08  0.00000E+00  1.0E-07
  9.600E+01  5.52264E-01  8.56193E-25  3.05752E-08  0.00000E+00  1.0E-07
  9.650E+01  5.56602E-01  8.35873E-25  2.98496E-08  0.00000E+00  1.0E-07
  9.700E+01  5.60935E-01  8.16073E-25  2.91425E-08  0.00000E+00  1.0E-07
  9.750E+01  5.65263E-01  7.96777E-25  2.84534E-08  0.00000E+00  1.0E-07
  9.800E+01  5.69587E-01  7.77970E-25  2.77818E-08  0.00000E+00  1.0E-07
  9.850E+01  5.73905E-01  7.59638E-25  2.71272E-08  0.00000E+00  1.0E-07
  9.900E+01  5.78217E-01  7.41766E-25  2.64889E-08  0.00000E+00  1.0E-07
  9.950E+01  5.82524E-01  7.24340E-25  2.58666E-08  0.00000E+00  1.0E-07
  1.000E+02  5.86824E-01  7.07347E-25  2.52598E-08  0.00000E+00  1.0E-07
  1.005E+02  5.91118E-01  6.90776E-25  2.46680E-08  0.00000E+00  1.0E-07
  1.010E+02  5.95404E-01  6.74614E-25  2.40909E-08  0.00000E+00  1.0E-07
  1.015E+02  5.99684E-01  6.58853E-25  2.35281E-08  0.00000E+00  1.0E-07
  1.020E+02  6.03956E-01  6.43479E-25  2.29791E-08  0.00000E+00  1.0E-07
  1.025E+02  6.08220E-01  6.28480E-25  2.24434E-08  0.00000E+00  1.0E-07
  1.030E+02  6.12476E-01  6.13846E-25  2.19208E-08  0.00000E+00  1.0E-07
  1.035E+02  6.16723E-01  5.99565E-25  2.14109E-08  0.00000E+00  1.0E-07
  1.040E+02  6.20961E-01  5.85628E-25  2.09132E-08  0.00000E+00  1.0E-07
  1.045E+02  6.25190E-01  5.72026E-25  2.04274E-08  0.00000E+00  1.0E-07
  1.050E+02  6.29410E-01  5.58749E-25  1.99533E-08  0.00000E+00  1.0E-07
  1.055E+02  6.33619E-01  5.45790E-25  1.94905E-08  0.00000E+00  1.0E-07
  1.060E+02  6.37819E-01  5.33138E-25  1.90387E-08  0.00000E+00  1.0E-07
  1.065E+02  6.42008E-01  5.20787E-25  1.85976E-08  0.00000E+00  1.0E-07
  1.070E+02  6.46186E-01  5.08727E-25  1.81670E-08  0.00000E+00  1.0E-07
  1.075E+02  6.50353E-01  4.96951E-25  1.77464E-08  0.00000E+00  1.0E-07
  1.080E+02  6.54508E-01  4.85451E-25  1.73358E-08  0.00000E+00  1.0E-07
  1.085E+02  6.58652E-01  4.74219E-25  1.69347E-08  0.00000E+00  1.0E-07
  1.090E+02  6.62784E-01  4.63249E-25  1.65429E-08  0.00000E+00  1.0E-07
  1.095E+02  6.66903E-01  4.52532E-25  1.61602E-08  0.00000E+00  1.0E-07
  1.100E+02  6.71010E-01  4.42063E-25  1.57864E-08  0.00000E+00  1.0E-07
  1.105E+02  6.75104E-01  4.31835E-25  1.54211E-08  0.00000E+00  1.0E-07
  1.110E+02  6.79184E-01  4.21842E-25  1.50643E-08  0.00000E+00  1.0E-07
  1.115E+02  6.83251E-01  4.12077E-25  1.47156E-08  0.00000E+00  1.0E-07
  1.120E+02  6.87303E-01  4.02536E-25  1.43748E-08  0.00000E+00  1.0E-07
  1.125E+02  6.91342E-01  3.93211E-25  1.40418E-08  0.00000E+00  1.0E-07
  1.130E+02  6.95366E-01  3.84097E-25  1.37164E-08  0.00000E+00  1.0E-07
  1.135E+02  6.99375E-01  3.75190E-25  1.33983E-08  0.00000E+00  1.0E-07
  1.140E+02  7.03368E-01  3.66483E-25  1.30874E-08  0.00000E+00  1.0E-07
  1.145E+02  7.07347E-01  3.57972E-25  1.27834E-08  0.00000E+00  1.0E-07
  1.150E+02  7.11309E-01  3.49652E-25  1.24863E-08  0.00000E+00  1.0E-07
  1.155E+02  7.15256E-01  3.41517E-25  1.21958E-08  0.00000E+00  1.0E-07
  1.160E+02  7.19186E-01  3.33563E-25  1.19118E-08  0.00000E+00  1.0E-07
  1.165E+02  7.23099E-01  3.25786E-25  1.16340E-08  0.00000E+00  1.0E-07
  1.170E+02  7.26995E-01  3.18181E-25  1.13625E-08  0.00000E+00  1.0E-07
  1.175E+02  7.30874E-01  3.10744E-25  1.10969E-08  0.00000E+00  1.0E-07
  1.180E+02  7.34736E-01  3.03471E-25  1.08372E-08  0.00000E+00  1.0E-07
  1.185E+02  7.38579E-01  2.96358E-25  1.05831E-08  0.00000E+00  1.0E-07
  1.190E+02  7.42405E-01  2.89401E-25  1.03347E-08  0.00000E+00  1.0E-07
  1.195E+02  7.46212E-01  2.82596E-25  1.00917E-08  0.00000E+00  1.0E-07
  1.200E+02  7.50000E-01  2.75940E-25  9.85398E-09  0.00000E+00  1.0E-07
  1.205E+02  7.53769E-01  2.69428E-25  9.62145E-09  0.00000E+00  1.0E-07
  1.210E+02  7.57519E-01  2.63058E-25  9.39397E-09  0.00000E+00  1.0E-07
  1.215E+02  7.61249E-01  2.56826E-25  9.17142E-09  0.00000E+00  1.0E-07
  1.220E+02  7.64960E-01  2.50729E-25  8.95369E-09  0.00000E+00  1.0E-07
  1.225E+02  7.68650E-01  2.44763E-25  8.74065E-09  0.00000E+00  1.0E-07
  1.230E+02  7.72320E-01  2.38926E-25  8.53220E-09  0.00000E+00  1.0E-07
  1.235E+02  7.75968E-01  2.33214E-25  8.32824E-09  0.00000E+00  1.0E-07
  1.240E+02  7.79596E-01  2.27625E-25  8.12865E-09  0.00000E+00  1.0E-07
  1.245E+02  7.83203E-01  2.22156E-25  7.93334E-09  0.00000E+00  1.0E-07
  1.250E+02  7.86788E-01  2.16804E-25  7.74220E-09  0.00000E+00  1.0E-07
  1.255E+02  7.90351E-01  2.11566E-25  7.55515E-09  0.00000E+00  1.0E-07
  1.260E+02  7.93893E-01  2.06439E-25  7.37209E-09  0.00000E+00  1.0E-07
  1.265E+02  7.97411E-01  2.01422E-25  7.19292E-09  0.00000E+00  1.0E-07
  1.270E+02  8.00908E-01  1.96512E-25  7.01757E-09  0.00000E+00  1.0E-07
  1.275E+02  8.04381E-01  1.91706E-25  6.84594E-09  0.00000E+00  1.0E-07
  1.280E+02  8.07831E-01  1.87002E-25  6.67795E-09  0.00000E+00  1.0E-07
  1.285E+02  8.11257E-01  1.82397E-25  6.51352E-09  0.00000E+00  1.0E-07
  1.290E+02  8.14660E-01  1.77890E-25  6.35257E-09  0.00000E+00  1.0E-07
  1.295E+02  8.18039E-01  1.73478E-25  6.19502E-09  0.00000E+00  1.0E-07
  1.300E+02  8.21394E-01  1.69160E-25  6.04081E-09  0.00000E+00  1.0E-07
  1.305E+02  8.24724E-01  1.64933E-25  5.88985E-09  0.00000E+00  1.0E-07
  1.310E+02  8.28030E-01  1.60794E-25  5.74207E-09  0.00000E+00  1.0E-07
  1.315E+02  8.31310E-01  1.56744E-25  5.59742E-09  0.00000E+00  1.0E-07
  1.320E+02  8.34565E-01  1.52778E-25  5.45581E-09  0.00000E+00  1.0E-07
  1.325E+02  8.37795E-01  1.48896E-25  5.31718E-09  0.00000E+00  1.0E-07
  1.330E+02  8.40999E-01  1.45096E-25  5.18148E-09  0.00000E+00  1.0E-07
  1.335E+02  8.44177E-01  1.41376E-25  5.04864E-09  0.00000E+00  1.0E-07
  1.340E+02  8.47329E-01  1.37735E-25  4.91860E-09  0.00000E+00  1.0E-07
  1.345E+02  8.50455E-01  1.34170E-25  4.79129E-09  0.00000E+00  1.0E-07
  1.350E+02  8.53553E-01  1.30680E-25  4.66668E-09  0.00000E+00  1.0E-07
  1.355E+02  8.56625E-01  1.27264E-25  4.54469E-09  0.00000E+00  1.0E-07
  1.360E+02  8.59670E-01  1.23920E-25  4.42527E-09  0.00000E+00  1.0E-07
  1.365E+02  8.62687E-01  1.20647E-25  4.30837E-09  0.00000E+00  1.0E-07
  1.370E+02  8.65677E-01  1.17443E-25  4.19395E-09  0.00000E+00  1.0E-07
  1.375E+02  8.68639E-01  1.14306E-25  4.08194E-09  0.00000E+00  1.0E-07
  1.380E+02  8.71572E-01  1.11236E-25  3.97231E-09  0.00000E+00  1.0E-07
  1.385E+02  8.74478E-01  1.08231E-25  3.86500E-09  0.00000E+00  1.0E-07
  1.390E+02  8.77355E-01  1.05290E-25  3.75997E-09  0.00000E+00  1.0E-07
  1.395E+02  8.80203E-01  1.02411E-25  3.65718E-09  0.00000E+00  1.0E-07
  1.400E+02  8.83022E-01  9.95942E-26  3.55657E-09  0.00000E+00  1.0E-07
  1.405E+02  8.85812E-01  9.68370E-26  3.45811E-09  0.00000E+00  1.0E-07
  1.410E+02  8.88573E-01  9.41389E-26  3.36176E-09  0.00000E+00  1.0E-07
  1.415E+02  8.91304E-01  9.14986E-26  3.26747E-09  0.00000E+00  1.0E-07
  1.420E+02  8.94005E-01  8.89150E-26  3.17521E-09  0.00000E+00  1.0E-07
  1.425E+02  8.96677E-01  8.63871E-26  3.08494E-09  0.00000E+00  1.0E-07
  1.430E+02  8.99318E-01  8.39138E-26  2.99662E-09  0.00000E+00  1.0E-07
  1.435E+02  9.01928E-01  8.14942E-26  2.91021E-09  0.00000E+00  1.0E-07
  1.440E+02  9.04508E-01  7.91271E-26  2.82568E-09  0.00000E+00  1.0E-07
  1.445E+02  9.07058E-01  7.68117E-26  2.74300E-09  0.00000E+00  1.0E-07
  1.450E+02  9.09576E-01  7.45471E-26  2.66212E-09  0.00000E+00  1.0E-07
  1.455E+02  9.12063E-01  7.23322E-26  2.58303E-09  0.00000E+00  1.0E-07
  1.460E+02  9.14519E-01  7.01663E-26  2.50568E-09  0.00000E+00  1.0E-07
  1.465E+02  9.16943E-01  6.80484E-26  2.43005E-09  0.00000E+00  1.0E-07
  1.470E+02  9.19335E-01  6.59777E-26  2.35611E-09  0.00000E+00  1.0E-07
  1.475E+02  9.21696E-01  6.39534E-26  2.28382E-09  0.00000E+00  1.0E-07
  1.480E+02  9.24024E-01  6.19746E-26  2.21315E-09  0.00000E+00  1.0E-07
  1.485E+02  9.26320E-01  6.00407E-26  2.14409E-09  0.00000E+00  1.0E-07
  1.490E+02  9.28584E-01  5.81508E-26  2.07660E-09  0.00000E+00  1.0E-07
  1.495E+02  9.30815E-01  5.63042E-26  2.01066E-09  0.00000E+00  1.0E-07
  1.500E+02  9.33013E-01  5.45002E-26  1.94624E-09  0.00000E+00  1.0E-07
  1.505E+02  9.35178E-01  5.27381E-26  1.88331E-09  0.00000E+00  1.0E-07
  1.510E+02  9.37310E-01  5.10172E-26  1.82186E-09  0.00000E+00  1.0E-07
  1.515E+02  9.39409E-01  4.93369E-26  1.76185E-09  0.00000E+00  1.0E-07
  1.520E+02  9.41474E-01  4.76964E-26  1.70327E-09  0.00000E+00  1.0E-07
  1.525E+02  9.43505E-01  4.60953E-26  1.64609E-09  0.00000E+00  1.0E-07
  1.530E+02  9.45503E-01  4.45328E-26  1.59029E-09  0.00000E+00  1.0E-07
  1.535E+02  9.47467E-01  4.30084E-26  1.53586E-09  0.00000E+00  1.0E-07
  1.540E+02  9.49397E-01  4.15214E-26  1.48276E-09  0.00000E+00  1.0E-07
  1.545E+02  9.51293E-01  4.00714E-26  1.43098E-09  0.00000E+00  1.0E-07
  1.550E+02  9.53154E-01  3.86579E-26  1.38050E-09  0.00000E+00  1.0E-07
  1.555E+02  9.54981E-01  3.72801E-26  1.33130E-09  0.00000E+00  1.0E-07
  1.560E+02  9.56773E-01  3.59378E-26  1.28336E-09  0.00000E+00  1.0E-07
  1.565E+02  9.58530E-01  3.46303E-26  1.23667E-09  0.00000E+00  1.0E-07
  1.570E+02  9.60252E-01  3.33571E-26  1.19121E-09  0.00000E+00  1.0E-07
  1.575E+02  9.61940E-01  3.21179E-26  1.14695E-09  0.00000E+00  1.0E-07
  1.580E+02  9.63592E-01  3.09121E-26  1.10389E-09  0.00000E+00  1.0E-07
  1.585E+02  9.65209E-01  2.97393E-26  1.06201E-09  0.00000E+00  1.0E-07
  1.590E+02  9.66790E-01  2.85991E-26  1.02129E-09  0.00000E+00  1.0E-07
  1.595E+02  9.68336E-01  2.74910E-26  9.81723E-10  0.00000E+00  1.0E-07
  1.600E+02  9.69846E-01  2.64147E-26  9.43287E-10  0.00000E+00  1.0E-07
  1.605E+02  9.71321E-01  2.53698E-26  9.05971E-10  0.00000E+00  1.0E-07
  1.610E+02  9.72759E-01  2.43558E-26  8.69761E-10  0.00000E+00  1.0E-07
  1.615E+02  9.74162E-01  2.33724E-26  8.34645E-10  0.00000E+00  1.0E-07
  1.620E+02  9.75528E-01  2.24193E-26  8.00610E-10  0.00000E+00  1.0E-07
  1.625E+02  9.76858E-01  2.14962E-26  7.67642E-10  0.00000E+00  1.0E-07
  1.630E+02  9.78152E-01  2.06026E-26  7.35732E-10  0.00000E+00  1.0E-07
  1.635E+02  9.79410E-01  1.97383E-26  7.04867E-10  0.00000E+00  1.0E-07
  1.640E+02  9.80631E-01  1.89029E-26  6.75035E-10  0.00000E+00  1.0E-07
  1.645E+02  9.81815E-01  1.80962E-26  6.46228E-10  0.00000E+00  1.0E-07
  1.650E+02  9.82963E-01  1.73179E-26  6.18433E-10  0.00000E+00  1.0E-07
  1.655E+02  9.84074E-01  1.65677E-26  5.91642E-10  0.00000E+00  1.0E-07
  1.660E+02  9.85148E-01  1.58453E-26  5.65845E-10  0.00000E+00  1.0E-07
  1.665E+02  9.86185E-01  1.51505E-26  5.41033E-10  0.00000E+00  1.0E-07
  1.670E+02  9.87185E-01  1.44830E-26  5.17197E-10  0.00000E+00  1.0E-07
  1.675E+02  9.88148E-01  1.38426E-26  4.94328E-10  0.00000E+00  1.0E-07
  1.680E+02  9.89074E-01  1.32291E-26  4.72419E-10  0.00000E+00  1.0E-07
  1.685E+02  9.89962E-01  1.26422E-26  4.51462E-10  0.00000E+00  1.0E-07
  1.690E+02  9.90814E-01  1.20818E-26  4.31450E-10  0.00000E+00  1.0E-07
  1.695E+02  9.91627E-01  1.15477E-26  4.12375E-10  0.00000E+00  1.0E-07
  1.700E+02  9.92404E-01  1.10396E-26  3.94231E-10  0.00000E+00  1.0E-07
  1.705E+02  9.93143E-01  1.05574E-26  3.77012E-10  0.00000E+00  1.0E-07
  1.710E+02  9.93844E-01  1.01009E-26  3.60711E-10  0.00000E+00  1.0E-07
  1.715E+02  9.94508E-01  9.67002E-27  3.45323E-10  0.00000E+00  1.0E-07
  1.720E+02  9.95134E-01  9.26453E-27  3.30842E-10  0.00000E+00  1.0E-07
  1.725E+02  9.95722E-01  8.88431E-27  3.17265E-10  0.00000E+00  1.0E-07
  1.730E+02  9.96273E-01  8.52923E-27  3.04585E-10  0.00000E+00  1.0E-07
  1.735E+02  9.96786E-01  8.19918E-27  2.92798E-10  0.00000E+00  1.0E-07
  1.740E+02  9.97261E-01  7.89402E-27  2.81901E-10  0.00000E+00  1.0E-07
  1.745E+02  9.97698E-01  7.61366E-27  2.71889E-10  0.00000E+00  1.0E-07
  1.750E+02  9.98097E-01  7.35801E-27  2.62759E-10  0.00000E+00  1.0E-07
  1.755E+02  9.98459E-01  7.12697E-27  2.54509E-10  0.00000E+00  1.0E-07
  1.760E+02  9.98782E-01  6.92046E-27  2.47134E-10  0.00000E+00  1.0E-07
  1.765E+02  9.99067E-01  6.73841E-27  2.40633E-10  0.00000E+00  1.0E-07
  1.770E+02  9.99315E-01  6.58077E-27  2.35003E-10  0.00000E+00  1.0E-07
  1.775E+02  9.99524E-01  6.44746E-27  2.30243E-10  0.00000E+00  1.0E-07
  1.780E+02  9.99695E-01  6.33846E-27  2.26351E-10  0.00000E+00  1.0E-07
  1.785E+02  9.99829E-01  6.25372E-27  2.23324E-10  0.00000E+00  1.0E-07
  1.790E+02  9.99924E-01  6.19321E-27  2.21164E-10  0.00000E+00  1.0E-07
  1.795E+02  9.99981E-01  6.15692E-27  2.19867E-10  0.00000E+00  1.0E-07
  1.800E+02  1.00000E+00  6.14482E-27  2.19435E-10  0.00000E+00  1.0E-07
