 #
 # Subroutine ELSEPA. Elastic scattering of electrons and positrons
 #                    by neutral atoms and positive ions
 #
 # Projectile: electron
 # Kinetic energy = 3.70000E+06 eV = 1.35973E+05 a.u.
 #
 # WARNING: High-energy factorization with free-atom DF screening.
 #          Absorption, polarization and exchange corrections are
 #          switched off.
 #          Phase shifts are calculated for the bare nucleus.
 #          Scattering amplitudes are not evaluated.
 #
 # Element:  F,  Z =   9,  atomic weight = 1.89984E+01 g/mol
 #
 # Nuclear model: Fermi distribution
 #                Average radius = 2.85511E-13 cm
 #                Skin thickness = 5.46000E-14 cm
 #
 # Number of electrons =  9
 #
 # Total elastic cross section = 2.88866E-19 cm**2 = 1.03156E-02 a0**2
 # 1st transport cross section = 7.14884E-24 cm**2 = 2.55290E-07 a0**2
 # 2nd transport cross section = 2.04452E-23 cm**2 = 7.30110E-07 a0**2
 #
 #
 # Differential cross section:                       MU=(1-COS(THETA))/2
 #
 #  THETA        MU          DCS          DCS        Sherman      error
 #  (deg)                 (cm**2/sr)   (a0**2/sr)    function
 #----------------------------------------------------------------------
  0.000E+00  0.00000E+00  2.20569E-14  7.87665E+02  0.00000E+00  1.0E-05
  1.000E-04  7.61557E-13  2.20568E-14  7.87664E+02  0.00000E+00  1.0E-05
  1.250E-04  1.18994E-12  2.20568E-14  7.87663E+02  0.00000E+00  1.0E-05
  1.500E-04  1.71346E-12  2.20568E-14  7.87662E+02  0.00000E+00  1.0E-05
  1.750E-04  2.33225E-12  2.20568E-14  7.87661E+02  0.00000E+00  1.0E-05
  2.000E-04  3.04617E-12  2.20567E-14  7.87660E+02  0.00000E+00  1.0E-05
  2.250E-04  3.85530E-12  2.20567E-14  7.87659E+02  0.00000E+00  1.0E-05
  2.500E-04  4.75964E-12  2.20567E-14  7.87658E+02  0.00000E+00  1.0E-05
  2.750E-04  5.75917E-12  2.20566E-14  7.87656E+02  0.00000E+00  1.0E-05
  3.000E-04  6.85391E-12  2.20566E-14  7.87655E+02  0.00000E+00  1.0E-05
  3.250E-04  8.04379E-12  2.20565E-14  7.87653E+02  0.00000E+00  1.0E-05
  3.500E-04  9.32893E-12  2.20565E-14  7.87651E+02  0.00000E+00  1.0E-05
  3.750E-04  1.07092E-11  2.20564E-14  7.87649E+02  0.00000E+00  1.0E-05
  4.000E-04  1.21847E-11  2.20564E-14  7.87647E+02  0.00000E+00  1.0E-05
  4.250E-04  1.37554E-11  2.20563E-14  7.87645E+02  0.00000E+00  1.0E-05
  4.500E-04  1.54213E-11  2.20562E-14  7.87642E+02  0.00000E+00  1.0E-05
  4.750E-04  1.71823E-11  2.20562E-14  7.87640E+02  0.00000E+00  1.0E-05
  5.000E-04  1.90386E-11  2.20561E-14  7.87637E+02  0.00000E+00  1.0E-05
  5.250E-04  2.09900E-11  2.20560E-14  7.87634E+02  0.00000E+00  1.0E-05
  5.500E-04  2.30367E-11  2.20559E-14  7.87632E+02  0.00000E+00  1.0E-05
  5.750E-04  2.51785E-11  2.20558E-14  7.87628E+02  0.00000E+00  1.0E-05
  6.000E-04  2.74156E-11  2.20558E-14  7.87625E+02  0.00000E+00  1.0E-05
  6.250E-04  2.97478E-11  2.20557E-14  7.87622E+02  0.00000E+00  1.0E-05
  6.500E-04  3.21752E-11  2.20556E-14  7.87618E+02  0.00000E+00  1.0E-05
  6.750E-04  3.46979E-11  2.20555E-14  7.87615E+02  0.00000E+00  1.0E-05
  7.000E-04  3.73157E-11  2.20554E-14  7.87611E+02  0.00000E+00  1.0E-05
  7.250E-04  4.00286E-11  2.20553E-14  7.87607E+02  0.00000E+00  1.0E-05
  7.500E-04  4.28368E-11  2.20551E-14  7.87603E+02  0.00000E+00  1.0E-05
  7.750E-04  4.57402E-11  2.20550E-14  7.87599E+02  0.00000E+00  1.0E-05
  8.000E-04  4.87388E-11  2.20549E-14  7.87595E+02  0.00000E+00  1.0E-05
  8.250E-04  5.18325E-11  2.20548E-14  7.87591E+02  0.00000E+00  1.0E-05
  8.500E-04  5.50215E-11  2.20547E-14  7.87586E+02  0.00000E+00  1.0E-05
  8.750E-04  5.83057E-11  2.20545E-14  7.87581E+02  0.00000E+00  1.0E-05
  9.000E-04  6.16850E-11  2.20544E-14  7.87577E+02  0.00000E+00  1.0E-05
  9.250E-04  6.51595E-11  2.20543E-14  7.87572E+02  0.00000E+00  1.0E-05
  9.500E-04  6.87293E-11  2.20541E-14  7.87567E+02  0.00000E+00  1.0E-05
  9.750E-04  7.23943E-11  2.20540E-14  7.87561E+02  0.00000E+00  1.0E-05
  1.000E-03  7.61544E-11  2.20538E-14  7.87556E+02  0.00000E+00  1.0E-05
  1.250E-03  1.18991E-10  2.20521E-14  7.87496E+02  0.00000E+00  1.0E-05
  1.500E-03  1.71347E-10  2.20501E-14  7.87422E+02  0.00000E+00  1.0E-05
  1.750E-03  2.33223E-10  2.20476E-14  7.87335E+02  0.00000E+00  1.0E-05
  2.000E-03  3.04617E-10  2.20448E-14  7.87234E+02  0.00000E+00  1.0E-05
  2.250E-03  3.85531E-10  2.20416E-14  7.87121E+02  0.00000E+00  1.0E-05
  2.500E-03  4.75965E-10  2.20381E-14  7.86994E+02  0.00000E+00  1.0E-05
  2.750E-03  5.75917E-10  2.20341E-14  7.86853E+02  0.00000E+00  1.0E-05
  3.000E-03  6.85389E-10  2.20298E-14  7.86700E+02  0.00000E+00  1.0E-05
  3.250E-03  8.04380E-10  2.20252E-14  7.86533E+02  0.00000E+00  1.0E-05
  3.500E-03  9.32891E-10  2.20201E-14  7.86353E+02  0.00000E+00  1.0E-05
  3.750E-03  1.07092E-09  2.20147E-14  7.86160E+02  0.00000E+00  1.0E-05
  4.000E-03  1.21847E-09  2.20089E-14  7.85953E+02  0.00000E+00  1.0E-05
  4.250E-03  1.37554E-09  2.20028E-14  7.85734E+02  0.00000E+00  1.0E-05
  4.500E-03  1.54213E-09  2.19963E-14  7.85501E+02  0.00000E+00  1.0E-05
  4.750E-03  1.71823E-09  2.19894E-14  7.85255E+02  0.00000E+00  1.0E-05
  5.000E-03  1.90386E-09  2.19821E-14  7.84996E+02  0.00000E+00  1.0E-05
  5.250E-03  2.09900E-09  2.19745E-14  7.84724E+02  0.00000E+00  1.0E-05
  5.500E-03  2.30367E-09  2.19665E-14  7.84438E+02  0.00000E+00  1.0E-05
  5.750E-03  2.51785E-09  2.19582E-14  7.84140E+02  0.00000E+00  1.0E-05
  6.000E-03  2.74156E-09  2.19494E-14  7.83829E+02  0.00000E+00  1.0E-05
  6.250E-03  2.97478E-09  2.19403E-14  7.83504E+02  0.00000E+00  1.0E-05
  6.500E-03  3.21752E-09  2.19309E-14  7.83166E+02  0.00000E+00  1.0E-05
  6.750E-03  3.46978E-09  2.19211E-14  7.82817E+02  0.00000E+00  1.0E-05
  7.000E-03  3.73156E-09  2.19109E-14  7.82453E+02  0.00000E+00  1.0E-05
  7.250E-03  4.00286E-09  2.19004E-14  7.82076E+02  0.00000E+00  1.0E-05
  7.500E-03  4.28368E-09  2.18895E-14  7.81687E+02  0.00000E+00  1.0E-05
  7.750E-03  4.57402E-09  2.18782E-14  7.81286E+02  0.00000E+00  1.0E-05
  8.000E-03  4.87388E-09  2.18666E-14  7.80870E+02  0.00000E+00  1.0E-05
  8.250E-03  5.18326E-09  2.18546E-14  7.80442E+02  0.00000E+00  1.0E-05
  8.500E-03  5.50215E-09  2.18423E-14  7.80003E+02  0.00000E+00  1.0E-05
  8.750E-03  5.83057E-09  2.18296E-14  7.79548E+02  0.00000E+00  1.0E-05
  9.000E-03  6.16850E-09  2.18165E-14  7.79082E+02  0.00000E+00  1.0E-05
  9.250E-03  6.51596E-09  2.18031E-14  7.78604E+02  0.00000E+00  1.0E-05
  9.500E-03  6.87293E-09  2.17894E-14  7.78113E+02  0.00000E+00  1.0E-05
  9.750E-03  7.23942E-09  2.17752E-14  7.77608E+02  0.00000E+00  1.0E-05
  1.000E-02  7.61544E-09  2.17608E-14  7.77092E+02  0.00000E+00  1.0E-05
  1.250E-02  1.18991E-08  2.15970E-14  7.71243E+02  0.00000E+00  1.0E-05
  1.500E-02  1.71347E-08  2.13993E-14  7.64184E+02  0.00000E+00  1.0E-05
  1.750E-02  2.33223E-08  2.11691E-14  7.55964E+02  0.00000E+00  1.0E-05
  2.000E-02  3.04617E-08  2.09081E-14  7.46641E+02  0.00000E+00  1.0E-05
  2.250E-02  3.85531E-08  2.06179E-14  7.36280E+02  0.00000E+00  1.0E-05
  2.500E-02  4.75965E-08  2.03006E-14  7.24949E+02  0.00000E+00  1.0E-05
  2.750E-02  5.75917E-08  1.99583E-14  7.12723E+02  0.00000E+00  1.0E-05
  3.000E-02  6.85389E-08  1.95930E-14  6.99678E+02  0.00000E+00  1.0E-05
  3.250E-02  8.04380E-08  1.92070E-14  6.85895E+02  0.00000E+00  1.0E-05
  3.500E-02  9.32891E-08  1.87848E-14  6.70817E+02  0.00000E+00  1.0E-05
  3.750E-02  1.07092E-07  1.83395E-14  6.54916E+02  0.00000E+00  1.0E-05
  4.000E-02  1.21847E-07  1.79110E-14  6.39615E+02  0.00000E+00  1.0E-05
  4.250E-02  1.37554E-07  1.75010E-14  6.24974E+02  0.00000E+00  1.0E-05
  4.500E-02  1.54213E-07  1.70063E-14  6.07306E+02  0.00000E+00  1.0E-05
  4.750E-02  1.71823E-07  1.65373E-14  5.90557E+02  0.00000E+00  1.0E-05
  5.000E-02  1.90386E-07  1.60950E-14  5.74763E+02  0.00000E+00  1.0E-05
  5.250E-02  2.09900E-07  1.56154E-14  5.57635E+02  0.00000E+00  1.0E-05
  5.500E-02  2.30367E-07  1.51233E-14  5.40064E+02  0.00000E+00  1.0E-05
  5.750E-02  2.51785E-07  1.46635E-14  5.23643E+02  0.00000E+00  1.0E-05
  6.000E-02  2.74156E-07  1.42151E-14  5.07629E+02  0.00000E+00  1.0E-05
  6.250E-02  2.97478E-07  1.37169E-14  4.89839E+02  0.00000E+00  1.0E-05
  6.500E-02  3.21752E-07  1.32539E-14  4.73306E+02  0.00000E+00  1.0E-05
  6.750E-02  3.46978E-07  1.28237E-14  4.57944E+02  0.00000E+00  1.0E-05
  7.000E-02  3.73156E-07  1.23543E-14  4.41180E+02  0.00000E+00  1.0E-05
  7.250E-02  4.00286E-07  1.19009E-14  4.24988E+02  0.00000E+00  1.0E-05
  7.500E-02  4.28368E-07  1.14806E-14  4.09981E+02  0.00000E+00  1.0E-05
  7.750E-02  4.57402E-07  1.10615E-14  3.95012E+02  0.00000E+00  1.0E-05
  8.000E-02  4.87388E-07  1.06277E-14  3.79523E+02  0.00000E+00  1.0E-05
  8.250E-02  5.18325E-07  1.02262E-14  3.65183E+02  0.00000E+00  1.0E-05
  8.500E-02  5.50215E-07  9.85407E-15  3.51895E+02  0.00000E+00  1.0E-05
  8.750E-02  5.83057E-07  9.44853E-15  3.37413E+02  0.00000E+00  1.0E-05
  9.000E-02  6.16850E-07  9.07202E-15  3.23968E+02  0.00000E+00  1.0E-05
  9.250E-02  6.51596E-07  8.72313E-15  3.11509E+02  0.00000E+00  1.0E-05
  9.500E-02  6.87293E-07  8.37022E-15  2.98906E+02  0.00000E+00  1.0E-05
  9.750E-02  7.23942E-07  8.02274E-15  2.86497E+02  0.00000E+00  1.0E-05
  1.000E-01  7.61543E-07  7.70058E-15  2.74993E+02  0.00000E+00  1.0E-05
  1.250E-01  1.18991E-06  5.02546E-15  1.79462E+02  0.00000E+00  1.0E-05
  1.500E-01  1.71347E-06  3.26371E-15  1.16549E+02  0.00000E+00  1.0E-05
  1.750E-01  2.33223E-06  2.13843E-15  7.63649E+01  0.00000E+00  1.0E-05
  2.000E-01  3.04617E-06  1.42466E-15  5.08754E+01  0.00000E+00  1.0E-05
  2.250E-01  3.85531E-06  9.69070E-16  3.46061E+01  0.00000E+00  1.0E-05
  2.500E-01  4.75964E-06  6.74154E-16  2.40745E+01  0.00000E+00  1.0E-05
  2.750E-01  5.75916E-06  4.79772E-16  1.71330E+01  0.00000E+00  1.0E-05
  3.000E-01  6.85388E-06  3.49067E-16  1.24654E+01  0.00000E+00  1.0E-05
  3.250E-01  8.04378E-06  2.59336E-16  9.26106E+00  0.00000E+00  1.0E-05
  3.500E-01  9.32888E-06  1.96389E-16  7.01317E+00  0.00000E+00  1.0E-05
  3.750E-01  1.07092E-05  1.51501E-16  5.41020E+00  0.00000E+00  1.0E-05
  4.000E-01  1.21846E-05  1.18741E-16  4.24033E+00  0.00000E+00  1.0E-05
  4.250E-01  1.37553E-05  9.44634E-17  3.37335E+00  0.00000E+00  1.0E-05
  4.500E-01  1.54212E-05  7.61606E-17  2.71974E+00  0.00000E+00  1.0E-05
  4.750E-01  1.71822E-05  6.21475E-17  2.21933E+00  0.00000E+00  1.0E-05
  5.000E-01  1.90385E-05  5.12589E-17  1.83049E+00  0.00000E+00  1.0E-05
  5.250E-01  2.09899E-05  4.26971E-17  1.52474E+00  0.00000E+00  1.0E-05
  5.500E-01  2.30365E-05  3.58832E-17  1.28141E+00  0.00000E+00  1.0E-05
  5.750E-01  2.51783E-05  3.03985E-17  1.08555E+00  0.00000E+00  1.0E-05
  6.000E-01  2.74153E-05  2.59371E-17  9.26232E-01  0.00000E+00  1.0E-05
  6.250E-01  2.97475E-05  2.22788E-17  7.95590E-01  0.00000E+00  1.0E-05
  6.500E-01  3.21749E-05  1.92539E-17  6.87568E-01  0.00000E+00  1.0E-05
  6.750E-01  3.46974E-05  1.67303E-17  5.97450E-01  0.00000E+00  1.0E-05
  7.000E-01  3.73152E-05  1.46109E-17  5.21765E-01  0.00000E+00  1.0E-05
  7.250E-01  4.00281E-05  1.28210E-17  4.57846E-01  0.00000E+00  1.0E-05
  7.500E-01  4.28362E-05  1.13001E-17  4.03533E-01  0.00000E+00  1.0E-05
  7.750E-01  4.57395E-05  9.99796E-18  3.57034E-01  0.00000E+00  1.0E-05
  8.000E-01  4.87380E-05  8.87929E-18  3.17085E-01  0.00000E+00  1.0E-05
  8.250E-01  5.18317E-05  7.91392E-18  2.82611E-01  0.00000E+00  1.0E-05
  8.500E-01  5.50205E-05  7.07694E-18  2.52722E-01  0.00000E+00  1.0E-05
  8.750E-01  5.83045E-05  6.34674E-18  2.26646E-01  0.00000E+00  1.0E-05
  9.000E-01  6.16838E-05  5.70874E-18  2.03863E-01  0.00000E+00  1.0E-05
  9.250E-01  6.51582E-05  5.14917E-18  1.83880E-01  0.00000E+00  1.0E-05
  9.500E-01  6.87277E-05  4.65637E-18  1.66282E-01  0.00000E+00  1.0E-05
  9.750E-01  7.23925E-05  4.22059E-18  1.50720E-01  0.00000E+00  1.0E-05
  1.000E+00  7.61524E-05  3.83466E-18  1.36938E-01  0.00000E+00  6.6E-05
  1.100E+00  9.21439E-05  2.66839E-18  9.52898E-02  0.00000E+00  4.9E-05
  1.200E+00  1.09658E-04  1.91198E-18  6.82780E-02  0.00000E+00  2.5E-05
  1.300E+00  1.28695E-04  1.40439E-18  5.01515E-02  0.00000E+00  3.7E-06
  1.400E+00  1.49255E-04  1.05379E-18  3.76315E-02  0.00000E+00  1.2E-05
  1.500E+00  1.71338E-04  8.05556E-19  2.87669E-02  0.00000E+00  2.0E-05
  1.600E+00  1.94942E-04  6.25957E-19  2.23533E-02  0.00000E+00  2.1E-05
  1.700E+00  2.20070E-04  4.93515E-19  1.76237E-02  0.00000E+00  1.6E-05
  1.800E+00  2.46720E-04  3.94177E-19  1.40763E-02  0.00000E+00  8.3E-06
  1.900E+00  2.74892E-04  3.18530E-19  1.13749E-02  0.00000E+00  5.2E-07
  2.000E+00  3.04586E-04  2.60129E-19  9.28939E-03  0.00000E+00  5.9E-06
  2.100E+00  3.35803E-04  2.14480E-19  7.65922E-03  0.00000E+00  9.1E-06
  2.200E+00  3.68542E-04  1.78392E-19  6.37050E-03  0.00000E+00  9.3E-06
  2.300E+00  4.02802E-04  1.49567E-19  5.34112E-03  0.00000E+00  7.2E-06
  2.400E+00  4.38585E-04  1.26323E-19  4.51106E-03  0.00000E+00  3.6E-06
  2.500E+00  4.75889E-04  1.07415E-19  3.83587E-03  0.00000E+00  4.3E-07
  2.600E+00  5.14715E-04  9.19106E-20  3.28219E-03  0.00000E+00  3.5E-06
  2.700E+00  5.55063E-04  7.91010E-20  2.82475E-03  0.00000E+00  5.0E-06
  2.800E+00  5.96931E-04  6.84444E-20  2.44420E-03  0.00000E+00  5.1E-06
  2.900E+00  6.40321E-04  5.95215E-20  2.12555E-03  0.00000E+00  3.8E-06
  3.000E+00  6.85233E-04  5.20049E-20  1.85713E-03  0.00000E+00  1.8E-06
  3.100E+00  7.31665E-04  4.56373E-20  1.62974E-03  0.00000E+00  5.5E-07
  3.200E+00  7.79618E-04  4.02144E-20  1.43608E-03  0.00000E+00  2.3E-06
  3.300E+00  8.29092E-04  3.55731E-20  1.27034E-03  0.00000E+00  3.2E-06
  3.400E+00  8.80086E-04  3.15821E-20  1.12782E-03  0.00000E+00  3.1E-06
  3.500E+00  9.32601E-04  2.81352E-20  1.00473E-03  0.00000E+00  2.3E-06
  3.600E+00  9.86636E-04  2.51458E-20  8.97972E-04  0.00000E+00  9.7E-07
  3.700E+00  1.04219E-03  2.25430E-20  8.05025E-04  0.00000E+00  5.5E-07
  3.800E+00  1.09927E-03  2.02684E-20  7.23797E-04  0.00000E+00  1.6E-06
  3.900E+00  1.15786E-03  1.82735E-20  6.52558E-04  0.00000E+00  2.1E-06
  4.000E+00  1.21797E-03  1.65181E-20  5.89872E-04  0.00000E+00  2.0E-06
  4.100E+00  1.27961E-03  1.49685E-20  5.34534E-04  0.00000E+00  1.4E-06
  4.200E+00  1.34276E-03  1.35964E-20  4.85537E-04  0.00000E+00  5.4E-07
  4.300E+00  1.40743E-03  1.23780E-20  4.42028E-04  0.00000E+00  5.1E-07
  4.400E+00  1.47362E-03  1.12931E-20  4.03286E-04  0.00000E+00  1.2E-06
  4.500E+00  1.54133E-03  1.03246E-20  3.68697E-04  0.00000E+00  1.5E-06
  4.600E+00  1.61056E-03  9.45764E-21  3.37739E-04  0.00000E+00  1.4E-06
  4.700E+00  1.68131E-03  8.67986E-21  3.09963E-04  0.00000E+00  9.6E-07
  4.800E+00  1.75357E-03  7.98043E-21  2.84986E-04  0.00000E+00  3.0E-07
  4.900E+00  1.82735E-03  7.35007E-21  2.62476E-04  0.00000E+00  4.6E-07
  5.000E+00  1.90265E-03  6.78076E-21  2.42145E-04  0.00000E+00  9.4E-07
  5.100E+00  1.97947E-03  6.26554E-21  2.23746E-04  0.00000E+00  1.1E-06
  5.200E+00  2.05780E-03  5.79835E-21  2.07063E-04  0.00000E+00  1.0E-06
  5.300E+00  2.13765E-03  5.37393E-21  1.91906E-04  0.00000E+00  6.5E-07
  5.400E+00  2.21902E-03  4.98765E-21  1.78112E-04  0.00000E+00  1.5E-07
  5.500E+00  2.30190E-03  4.63548E-21  1.65536E-04  0.00000E+00  4.1E-07
  5.600E+00  2.38630E-03  4.31386E-21  1.54051E-04  0.00000E+00  7.5E-07
  5.700E+00  2.47222E-03  4.01967E-21  1.43545E-04  0.00000E+00  8.5E-07
  5.800E+00  2.55965E-03  3.75015E-21  1.33920E-04  0.00000E+00  7.5E-07
  5.900E+00  2.64859E-03  3.50285E-21  1.25089E-04  0.00000E+00  4.6E-07
  6.000E+00  2.73905E-03  3.27562E-21  1.16974E-04  0.00000E+00  1.0E-07
  6.100E+00  2.83103E-03  3.06653E-21  1.09508E-04  0.00000E+00  3.6E-07
  6.200E+00  2.92452E-03  2.87386E-21  1.02628E-04  0.00000E+00  6.1E-07
  6.300E+00  3.01952E-03  2.69610E-21  9.62797E-05  0.00000E+00  6.6E-07
  6.400E+00  3.11604E-03  2.53189E-21  9.04153E-05  0.00000E+00  5.7E-07
  6.500E+00  3.21407E-03  2.37999E-21  8.49910E-05  0.00000E+00  3.2E-07
  6.600E+00  3.31362E-03  2.23931E-21  7.99674E-05  0.00000E+00  1.0E-07
  6.700E+00  3.41468E-03  2.10888E-21  7.53094E-05  0.00000E+00  3.3E-07
  6.800E+00  3.51725E-03  1.98781E-21  7.09858E-05  0.00000E+00  5.0E-07
  6.900E+00  3.62133E-03  1.87531E-21  6.69684E-05  0.00000E+00  5.3E-07
  7.000E+00  3.72692E-03  1.77066E-21  6.32314E-05  0.00000E+00  4.3E-07
  7.100E+00  3.83403E-03  1.67321E-21  5.97516E-05  0.00000E+00  2.3E-07
  7.200E+00  3.94265E-03  1.58239E-21  5.65081E-05  0.00000E+00  1.0E-07
  7.300E+00  4.05278E-03  1.49764E-21  5.34819E-05  0.00000E+00  2.9E-07
  7.400E+00  4.16442E-03  1.41850E-21  5.06557E-05  0.00000E+00  4.2E-07
  7.500E+00  4.27757E-03  1.34452E-21  4.80138E-05  0.00000E+00  4.3E-07
  7.600E+00  4.39223E-03  1.27531E-21  4.55421E-05  0.00000E+00  3.4E-07
  7.700E+00  4.50840E-03  1.21050E-21  4.32276E-05  0.00000E+00  1.6E-07
  7.800E+00  4.62608E-03  1.14975E-21  4.10583E-05  0.00000E+00  1.0E-07
  7.900E+00  4.74527E-03  1.09277E-21  3.90235E-05  0.00000E+00  2.6E-07
  8.000E+00  4.86597E-03  1.03928E-21  3.71133E-05  0.00000E+00  3.5E-07
  8.100E+00  4.98817E-03  9.89023E-22  3.53186E-05  0.00000E+00  3.5E-07
  8.200E+00  5.11188E-03  9.41770E-22  3.36312E-05  0.00000E+00  2.6E-07
  8.300E+00  5.23711E-03  8.97309E-22  3.20435E-05  0.00000E+00  1.1E-07
  8.400E+00  5.36383E-03  8.55442E-22  3.05484E-05  0.00000E+00  1.0E-07
  8.500E+00  5.49207E-03  8.15991E-22  2.91396E-05  0.00000E+00  2.3E-07
  8.600E+00  5.62181E-03  7.78789E-22  2.78111E-05  0.00000E+00  3.0E-07
  8.700E+00  5.75306E-03  7.43685E-22  2.65575E-05  0.00000E+00  2.9E-07
  8.800E+00  5.88581E-03  7.10539E-22  2.53738E-05  0.00000E+00  2.1E-07
  8.900E+00  6.02007E-03  6.79220E-22  2.42554E-05  0.00000E+00  1.0E-07
  9.000E+00  6.15583E-03  6.49608E-22  2.31979E-05  0.00000E+00  1.0E-07
  9.100E+00  6.29310E-03  6.21595E-22  2.21975E-05  0.00000E+00  2.1E-07
  9.200E+00  6.43187E-03  5.95076E-22  2.12505E-05  0.00000E+00  2.6E-07
  9.300E+00  6.57214E-03  5.69957E-22  2.03535E-05  0.00000E+00  2.4E-07
  9.400E+00  6.71392E-03  5.46151E-22  1.95034E-05  0.00000E+00  1.6E-07
  9.500E+00  6.85720E-03  5.23576E-22  1.86972E-05  0.00000E+00  1.0E-07
  9.600E+00  7.00198E-03  5.02156E-22  1.79323E-05  0.00000E+00  1.0E-07
  9.700E+00  7.14827E-03  4.81821E-22  1.72061E-05  0.00000E+00  1.9E-07
  9.800E+00  7.29605E-03  4.62506E-22  1.65164E-05  0.00000E+00  2.2E-07
  9.900E+00  7.44534E-03  4.44149E-22  1.58609E-05  0.00000E+00  2.0E-07
  1.000E+01  7.59612E-03  4.26695E-22  1.52376E-05  0.00000E+00  1.3E-07
  1.025E+01  7.97965E-03  3.86671E-22  1.38083E-05  0.00000E+00  1.5E-07
  1.050E+01  8.37255E-03  3.51234E-22  1.25428E-05  0.00000E+00  1.7E-07
  1.075E+01  8.77480E-03  3.19768E-22  1.14191E-05  0.00000E+00  1.7E-07
  1.100E+01  9.18641E-03  2.91750E-22  1.04186E-05  0.00000E+00  1.6E-07
  1.125E+01  9.60736E-03  2.66736E-22  9.52532E-06  0.00000E+00  1.5E-07
  1.150E+01  1.00376E-02  2.44348E-22  8.72583E-06  0.00000E+00  1.4E-07
  1.175E+01  1.04773E-02  2.24262E-22  8.00854E-06  0.00000E+00  1.2E-07
  1.200E+01  1.09262E-02  2.06199E-22  7.36350E-06  0.00000E+00  1.0E-07
  1.225E+01  1.13844E-02  1.89920E-22  6.78216E-06  0.00000E+00  1.0E-07
  1.250E+01  1.18520E-02  1.75216E-22  6.25709E-06  0.00000E+00  1.0E-07
  1.275E+01  1.23288E-02  1.61910E-22  5.78190E-06  0.00000E+00  1.0E-07
  1.300E+01  1.28150E-02  1.49843E-22  5.35099E-06  0.00000E+00  1.0E-07
  1.325E+01  1.33104E-02  1.38880E-22  4.95951E-06  0.00000E+00  1.0E-07
  1.350E+01  1.38150E-02  1.28903E-22  4.60320E-06  0.00000E+00  1.0E-07
  1.375E+01  1.43290E-02  1.19805E-22  4.27833E-06  0.00000E+00  1.0E-07
  1.400E+01  1.48521E-02  1.11497E-22  3.98163E-06  0.00000E+00  1.0E-07
  1.425E+01  1.53845E-02  1.03897E-22  3.71023E-06  0.00000E+00  1.0E-07
  1.450E+01  1.59262E-02  9.69337E-23  3.46156E-06  0.00000E+00  1.0E-07
  1.475E+01  1.64770E-02  9.05443E-23  3.23339E-06  0.00000E+00  1.0E-07
  1.500E+01  1.70371E-02  8.46729E-23  3.02372E-06  0.00000E+00  1.0E-07
  1.525E+01  1.76063E-02  7.92699E-23  2.83078E-06  0.00000E+00  1.0E-07
  1.550E+01  1.81848E-02  7.42912E-23  2.65299E-06  0.00000E+00  1.0E-07
  1.575E+01  1.87724E-02  6.96974E-23  2.48894E-06  0.00000E+00  1.0E-07
  1.600E+01  1.93692E-02  6.54532E-23  2.33738E-06  0.00000E+00  1.0E-07
  1.625E+01  1.99751E-02  6.15273E-23  2.19718E-06  0.00000E+00  1.0E-07
  1.650E+01  2.05901E-02  5.78914E-23  2.06734E-06  0.00000E+00  1.0E-07
  1.675E+01  2.12143E-02  5.45201E-23  1.94695E-06  0.00000E+00  1.0E-07
  1.700E+01  2.18476E-02  5.13907E-23  1.83520E-06  0.00000E+00  1.0E-07
  1.725E+01  2.24900E-02  4.84826E-23  1.73135E-06  0.00000E+00  1.0E-07
  1.750E+01  2.31415E-02  4.57773E-23  1.63474E-06  0.00000E+00  1.0E-07
  1.775E+01  2.38021E-02  4.32581E-23  1.54478E-06  0.00000E+00  1.0E-07
  1.800E+01  2.44717E-02  4.09098E-23  1.46092E-06  0.00000E+00  1.0E-07
  1.825E+01  2.51504E-02  3.87186E-23  1.38267E-06  0.00000E+00  1.0E-07
  1.850E+01  2.58382E-02  3.66722E-23  1.30959E-06  0.00000E+00  1.0E-07
  1.875E+01  2.65349E-02  3.47591E-23  1.24127E-06  0.00000E+00  1.0E-07
  1.900E+01  2.72407E-02  3.29692E-23  1.17735E-06  0.00000E+00  1.0E-07
  1.925E+01  2.79555E-02  3.12929E-23  1.11749E-06  0.00000E+00  1.0E-07
  1.950E+01  2.86793E-02  2.97218E-23  1.06138E-06  0.00000E+00  1.0E-07
  1.975E+01  2.94120E-02  2.82479E-23  1.00875E-06  0.00000E+00  1.0E-07
  2.000E+01  3.01537E-02  2.68643E-23  9.59341E-07  0.00000E+00  1.0E-07
  2.025E+01  3.09043E-02  2.55643E-23  9.12917E-07  0.00000E+00  1.0E-07
  2.050E+01  3.16639E-02  2.43419E-23  8.69264E-07  0.00000E+00  1.0E-07
  2.075E+01  3.24324E-02  2.31916E-23  8.28188E-07  0.00000E+00  1.0E-07
  2.100E+01  3.32098E-02  2.21085E-23  7.89508E-07  0.00000E+00  1.0E-07
  2.125E+01  3.39961E-02  2.10878E-23  7.53057E-07  0.00000E+00  1.0E-07
  2.150E+01  3.47912E-02  2.01252E-23  7.18684E-07  0.00000E+00  1.0E-07
  2.175E+01  3.55952E-02  1.92169E-23  6.86248E-07  0.00000E+00  1.0E-07
  2.200E+01  3.64081E-02  1.83592E-23  6.55619E-07  0.00000E+00  1.0E-07
  2.225E+01  3.72297E-02  1.75488E-23  6.26678E-07  0.00000E+00  1.0E-07
  2.250E+01  3.80602E-02  1.67825E-23  5.99314E-07  0.00000E+00  1.0E-07
  2.275E+01  3.88995E-02  1.60575E-23  5.73425E-07  0.00000E+00  1.0E-07
  2.300E+01  3.97476E-02  1.53713E-23  5.48917E-07  0.00000E+00  1.0E-07
  2.325E+01  4.06044E-02  1.47212E-23  5.25703E-07  0.00000E+00  1.0E-07
  2.350E+01  4.14700E-02  1.41051E-23  5.03701E-07  0.00000E+00  1.0E-07
  2.375E+01  4.23443E-02  1.35208E-23  4.82836E-07  0.00000E+00  1.0E-07
  2.400E+01  4.32273E-02  1.29664E-23  4.63039E-07  0.00000E+00  1.0E-07
  2.425E+01  4.41190E-02  1.24401E-23  4.44244E-07  0.00000E+00  1.0E-07
  2.450E+01  4.50194E-02  1.19402E-23  4.26391E-07  0.00000E+00  1.0E-07
  2.475E+01  4.59284E-02  1.14650E-23  4.09424E-07  0.00000E+00  1.0E-07
  2.500E+01  4.68461E-02  1.10133E-23  3.93291E-07  0.00000E+00  1.0E-07
  2.550E+01  4.87074E-02  1.01744E-23  3.63334E-07  0.00000E+00  1.0E-07
  2.600E+01  5.06030E-02  9.41372E-24  3.36170E-07  0.00000E+00  1.0E-07
  2.650E+01  5.25328E-02  8.72265E-24  3.11492E-07  0.00000E+00  1.0E-07
  2.700E+01  5.44967E-02  8.09368E-24  2.89031E-07  0.00000E+00  1.0E-07
  2.750E+01  5.64946E-02  7.52024E-24  2.68552E-07  0.00000E+00  1.0E-07
  2.800E+01  5.85262E-02  6.99653E-24  2.49851E-07  0.00000E+00  1.0E-07
  2.850E+01  6.05914E-02  6.51749E-24  2.32744E-07  0.00000E+00  1.0E-07
  2.900E+01  6.26901E-02  6.07860E-24  2.17071E-07  0.00000E+00  1.0E-07
  2.950E+01  6.48222E-02  5.67592E-24  2.02691E-07  0.00000E+00  1.0E-07
  3.000E+01  6.69873E-02  5.30590E-24  1.89477E-07  0.00000E+00  1.0E-07
  3.050E+01  6.91854E-02  4.96542E-24  1.77318E-07  0.00000E+00  1.0E-07
  3.100E+01  7.14163E-02  4.65170E-24  1.66115E-07  0.00000E+00  1.0E-07
  3.150E+01  7.36799E-02  4.36226E-24  1.55779E-07  0.00000E+00  1.0E-07
  3.200E+01  7.59760E-02  4.09487E-24  1.46231E-07  0.00000E+00  1.0E-07
  3.250E+01  7.83043E-02  3.84756E-24  1.37399E-07  0.00000E+00  1.0E-07
  3.300E+01  8.06647E-02  3.61854E-24  1.29220E-07  0.00000E+00  1.0E-07
  3.350E+01  8.30571E-02  3.40621E-24  1.21638E-07  0.00000E+00  1.0E-07
  3.400E+01  8.54812E-02  3.20913E-24  1.14600E-07  0.00000E+00  1.0E-07
  3.450E+01  8.79369E-02  3.02602E-24  1.08061E-07  0.00000E+00  1.0E-07
  3.500E+01  9.04240E-02  2.85570E-24  1.01979E-07  0.00000E+00  1.0E-07
  3.550E+01  9.29422E-02  2.69711E-24  9.63155E-08  0.00000E+00  1.0E-07
  3.600E+01  9.54915E-02  2.54930E-24  9.10372E-08  0.00000E+00  1.0E-07
  3.650E+01  9.80716E-02  2.41141E-24  8.61129E-08  0.00000E+00  1.0E-07
  3.700E+01  1.00682E-01  2.28264E-24  8.15145E-08  0.00000E+00  1.0E-07
  3.750E+01  1.03323E-01  2.16228E-24  7.72165E-08  0.00000E+00  1.0E-07
  3.800E+01  1.05995E-01  2.04969E-24  7.31957E-08  0.00000E+00  1.0E-07
  3.850E+01  1.08696E-01  1.94427E-24  6.94310E-08  0.00000E+00  1.0E-07
  3.900E+01  1.11427E-01  1.84547E-24  6.59030E-08  0.00000E+00  1.0E-07
  3.950E+01  1.14188E-01  1.75282E-24  6.25942E-08  0.00000E+00  1.0E-07
  4.000E+01  1.16978E-01  1.66585E-24  5.94884E-08  0.00000E+00  1.0E-07
  4.050E+01  1.19797E-01  1.58415E-24  5.65710E-08  0.00000E+00  1.0E-07
  4.100E+01  1.22645E-01  1.50735E-24  5.38283E-08  0.00000E+00  1.0E-07
  4.150E+01  1.25522E-01  1.43509E-24  5.12480E-08  0.00000E+00  1.0E-07
  4.200E+01  1.28428E-01  1.36707E-24  4.88188E-08  0.00000E+00  1.0E-07
  4.250E+01  1.31361E-01  1.30298E-24  4.65301E-08  0.00000E+00  1.0E-07
  4.300E+01  1.34323E-01  1.24255E-24  4.43724E-08  0.00000E+00  1.0E-07
  4.350E+01  1.37313E-01  1.18555E-24  4.23367E-08  0.00000E+00  1.0E-07
  4.400E+01  1.40330E-01  1.13173E-24  4.04149E-08  0.00000E+00  1.0E-07
  4.450E+01  1.43375E-01  1.08090E-24  3.85995E-08  0.00000E+00  1.0E-07
  4.500E+01  1.46447E-01  1.03284E-24  3.68835E-08  0.00000E+00  1.0E-07
  4.550E+01  1.49545E-01  9.87393E-25  3.52604E-08  0.00000E+00  1.0E-07
  4.600E+01  1.52671E-01  9.44378E-25  3.37244E-08  0.00000E+00  1.0E-07
  4.650E+01  1.55823E-01  9.03646E-25  3.22698E-08  0.00000E+00  1.0E-07
  4.700E+01  1.59001E-01  8.65051E-25  3.08915E-08  0.00000E+00  1.0E-07
  4.750E+01  1.62205E-01  8.28462E-25  2.95849E-08  0.00000E+00  1.0E-07
  4.800E+01  1.65435E-01  7.93755E-25  2.83455E-08  0.00000E+00  1.0E-07
  4.850E+01  1.68690E-01  7.60815E-25  2.71692E-08  0.00000E+00  1.0E-07
  4.900E+01  1.71970E-01  7.29537E-25  2.60522E-08  0.00000E+00  1.0E-07
  4.950E+01  1.75276E-01  6.99820E-25  2.49910E-08  0.00000E+00  1.0E-07
  5.000E+01  1.78606E-01  6.71573E-25  2.39823E-08  0.00000E+00  1.0E-07
  5.050E+01  1.81961E-01  6.44709E-25  2.30230E-08  0.00000E+00  1.0E-07
  5.100E+01  1.85340E-01  6.19149E-25  2.21102E-08  0.00000E+00  1.0E-07
  5.150E+01  1.88743E-01  5.94818E-25  2.12413E-08  0.00000E+00  1.0E-07
  5.200E+01  1.92169E-01  5.71645E-25  2.04138E-08  0.00000E+00  1.0E-07
  5.250E+01  1.95619E-01  5.49566E-25  1.96253E-08  0.00000E+00  1.0E-07
  5.300E+01  1.99092E-01  5.28518E-25  1.88737E-08  0.00000E+00  1.0E-07
  5.350E+01  2.02589E-01  5.08447E-25  1.81570E-08  0.00000E+00  1.0E-07
  5.400E+01  2.06107E-01  4.89297E-25  1.74731E-08  0.00000E+00  1.0E-07
  5.450E+01  2.09649E-01  4.71018E-25  1.68204E-08  0.00000E+00  1.0E-07
  5.500E+01  2.13212E-01  4.53565E-25  1.61971E-08  0.00000E+00  1.0E-07
  5.550E+01  2.16797E-01  4.36892E-25  1.56017E-08  0.00000E+00  1.0E-07
  5.600E+01  2.20404E-01  4.20959E-25  1.50327E-08  0.00000E+00  1.0E-07
  5.650E+01  2.24032E-01  4.05726E-25  1.44887E-08  0.00000E+00  1.0E-07
  5.700E+01  2.27680E-01  3.91158E-25  1.39685E-08  0.00000E+00  1.0E-07
  5.750E+01  2.31350E-01  3.77219E-25  1.34707E-08  0.00000E+00  1.0E-07
  5.800E+01  2.35040E-01  3.63879E-25  1.29943E-08  0.00000E+00  1.0E-07
  5.850E+01  2.38751E-01  3.51105E-25  1.25382E-08  0.00000E+00  1.0E-07
  5.900E+01  2.42481E-01  3.38871E-25  1.21013E-08  0.00000E+00  1.0E-07
  5.950E+01  2.46231E-01  3.27149E-25  1.16827E-08  0.00000E+00  1.0E-07
  6.000E+01  2.50000E-01  3.15913E-25  1.12815E-08  0.00000E+00  1.0E-07
  6.050E+01  2.53788E-01  3.05141E-25  1.08968E-08  0.00000E+00  1.0E-07
  6.100E+01  2.57595E-01  2.94808E-25  1.05278E-08  0.00000E+00  1.0E-07
  6.150E+01  2.61421E-01  2.84895E-25  1.01738E-08  0.00000E+00  1.0E-07
  6.200E+01  2.65264E-01  2.75381E-25  9.83403E-09  0.00000E+00  1.0E-07
  6.250E+01  2.69126E-01  2.66247E-25  9.50784E-09  0.00000E+00  1.0E-07
  6.300E+01  2.73005E-01  2.57474E-25  9.19457E-09  0.00000E+00  1.0E-07
  6.350E+01  2.76901E-01  2.49047E-25  8.89363E-09  0.00000E+00  1.0E-07
  6.400E+01  2.80814E-01  2.40949E-25  8.60445E-09  0.00000E+00  1.0E-07
  6.450E+01  2.84744E-01  2.33165E-25  8.32647E-09  0.00000E+00  1.0E-07
  6.500E+01  2.88691E-01  2.25680E-25  8.05919E-09  0.00000E+00  1.0E-07
  6.550E+01  2.92653E-01  2.18482E-25  7.80212E-09  0.00000E+00  1.0E-07
  6.600E+01  2.96632E-01  2.11556E-25  7.55481E-09  0.00000E+00  1.0E-07
  6.650E+01  3.00625E-01  2.04891E-25  7.31680E-09  0.00000E+00  1.0E-07
  6.700E+01  3.04634E-01  1.98476E-25  7.08770E-09  0.00000E+00  1.0E-07
  6.750E+01  3.08658E-01  1.92298E-25  6.86710E-09  0.00000E+00  1.0E-07
  6.800E+01  3.12697E-01  1.86349E-25  6.65464E-09  0.00000E+00  1.0E-07
  6.850E+01  3.16749E-01  1.80617E-25  6.44996E-09  0.00000E+00  1.0E-07
  6.900E+01  3.20816E-01  1.75094E-25  6.25273E-09  0.00000E+00  1.0E-07
  6.950E+01  3.24896E-01  1.69771E-25  6.06262E-09  0.00000E+00  1.0E-07
  7.000E+01  3.28990E-01  1.64638E-25  5.87933E-09  0.00000E+00  1.0E-07
  7.050E+01  3.33097E-01  1.59688E-25  5.70258E-09  0.00000E+00  1.0E-07
  7.100E+01  3.37216E-01  1.54914E-25  5.53208E-09  0.00000E+00  1.0E-07
  7.150E+01  3.41348E-01  1.50308E-25  5.36759E-09  0.00000E+00  1.0E-07
  7.200E+01  3.45492E-01  1.45862E-25  5.20884E-09  0.00000E+00  1.0E-07
  7.250E+01  3.49647E-01  1.41571E-25  5.05561E-09  0.00000E+00  1.0E-07
  7.300E+01  3.53814E-01  1.37429E-25  4.90766E-09  0.00000E+00  1.0E-07
  7.350E+01  3.57992E-01  1.33428E-25  4.76479E-09  0.00000E+00  1.0E-07
  7.400E+01  3.62181E-01  1.29563E-25  4.62678E-09  0.00000E+00  1.0E-07
  7.450E+01  3.66381E-01  1.25829E-25  4.49345E-09  0.00000E+00  1.0E-07
  7.500E+01  3.70590E-01  1.22221E-25  4.36460E-09  0.00000E+00  1.0E-07
  7.550E+01  3.74810E-01  1.18734E-25  4.24006E-09  0.00000E+00  1.0E-07
  7.600E+01  3.79039E-01  1.15362E-25  4.11966E-09  0.00000E+00  1.0E-07
  7.650E+01  3.83277E-01  1.12102E-25  4.00324E-09  0.00000E+00  1.0E-07
  7.700E+01  3.87524E-01  1.08949E-25  3.89064E-09  0.00000E+00  1.0E-07
  7.750E+01  3.91780E-01  1.05899E-25  3.78172E-09  0.00000E+00  1.0E-07
  7.800E+01  3.96044E-01  1.02948E-25  3.67633E-09  0.00000E+00  1.0E-07
  7.850E+01  4.00316E-01  1.00092E-25  3.57434E-09  0.00000E+00  1.0E-07
  7.900E+01  4.04596E-01  9.73273E-26  3.47562E-09  0.00000E+00  1.0E-07
  7.950E+01  4.08882E-01  9.46510E-26  3.38005E-09  0.00000E+00  1.0E-07
  8.000E+01  4.13176E-01  9.20596E-26  3.28751E-09  0.00000E+00  1.0E-07
  8.050E+01  4.17476E-01  8.95498E-26  3.19788E-09  0.00000E+00  1.0E-07
  8.100E+01  4.21783E-01  8.71188E-26  3.11107E-09  0.00000E+00  1.0E-07
  8.150E+01  4.26095E-01  8.47634E-26  3.02696E-09  0.00000E+00  1.0E-07
  8.200E+01  4.30413E-01  8.24811E-26  2.94545E-09  0.00000E+00  1.0E-07
  8.250E+01  4.34737E-01  8.02692E-26  2.86646E-09  0.00000E+00  1.0E-07
  8.300E+01  4.39065E-01  7.81250E-26  2.78989E-09  0.00000E+00  1.0E-07
  8.350E+01  4.43398E-01  7.60462E-26  2.71566E-09  0.00000E+00  1.0E-07
  8.400E+01  4.47736E-01  7.40305E-26  2.64368E-09  0.00000E+00  1.0E-07
  8.450E+01  4.52077E-01  7.20755E-26  2.57386E-09  0.00000E+00  1.0E-07
  8.500E+01  4.56422E-01  7.01792E-26  2.50614E-09  0.00000E+00  1.0E-07
  8.550E+01  4.60770E-01  6.83395E-26  2.44045E-09  0.00000E+00  1.0E-07
  8.600E+01  4.65122E-01  6.65543E-26  2.37670E-09  0.00000E+00  1.0E-07
  8.650E+01  4.69476E-01  6.48219E-26  2.31483E-09  0.00000E+00  1.0E-07
  8.700E+01  4.73832E-01  6.31404E-26  2.25478E-09  0.00000E+00  1.0E-07
  8.750E+01  4.78190E-01  6.15080E-26  2.19649E-09  0.00000E+00  1.0E-07
  8.800E+01  4.82550E-01  5.99231E-26  2.13989E-09  0.00000E+00  1.0E-07
  8.850E+01  4.86912E-01  5.83841E-26  2.08493E-09  0.00000E+00  1.0E-07
  8.900E+01  4.91274E-01  5.68893E-26  2.03156E-09  0.00000E+00  1.0E-07
  8.950E+01  4.95637E-01  5.54374E-26  1.97971E-09  0.00000E+00  1.0E-07
  9.000E+01  5.00000E-01  5.40269E-26  1.92933E-09  0.00000E+00  1.0E-07
  9.050E+01  5.04363E-01  5.26563E-26  1.88039E-09  0.00000E+00  1.0E-07
  9.100E+01  5.08726E-01  5.13245E-26  1.83283E-09  0.00000E+00  1.0E-07
  9.150E+01  5.13088E-01  5.00300E-26  1.78660E-09  0.00000E+00  1.0E-07
  9.200E+01  5.17450E-01  4.87718E-26  1.74167E-09  0.00000E+00  1.0E-07
  9.250E+01  5.21810E-01  4.75485E-26  1.69799E-09  0.00000E+00  1.0E-07
  9.300E+01  5.26168E-01  4.63591E-26  1.65551E-09  0.00000E+00  1.0E-07
  9.350E+01  5.30524E-01  4.52025E-26  1.61421E-09  0.00000E+00  1.0E-07
  9.400E+01  5.34878E-01  4.40777E-26  1.57404E-09  0.00000E+00  1.0E-07
  9.450E+01  5.39230E-01  4.29835E-26  1.53497E-09  0.00000E+00  1.0E-07
  9.500E+01  5.43578E-01  4.19191E-26  1.49696E-09  0.00000E+00  1.0E-07
  9.550E+01  5.47923E-01  4.08835E-26  1.45998E-09  0.00000E+00  1.0E-07
  9.600E+01  5.52264E-01  3.98758E-26  1.42399E-09  0.00000E+00  1.0E-07
  9.650E+01  5.56602E-01  3.88951E-26  1.38897E-09  0.00000E+00  1.0E-07
  9.700E+01  5.60935E-01  3.79406E-26  1.35488E-09  0.00000E+00  1.0E-07
  9.750E+01  5.65263E-01  3.70115E-26  1.32170E-09  0.00000E+00  1.0E-07
  9.800E+01  5.69587E-01  3.61070E-26  1.28940E-09  0.00000E+00  1.0E-07
  9.850E+01  5.73905E-01  3.52263E-26  1.25795E-09  0.00000E+00  1.0E-07
  9.900E+01  5.78217E-01  3.43687E-26  1.22733E-09  0.00000E+00  1.0E-07
  9.950E+01  5.82524E-01  3.35335E-26  1.19750E-09  0.00000E+00  1.0E-07
  1.000E+02  5.86824E-01  3.27201E-26  1.16845E-09  0.00000E+00  1.0E-07
  1.005E+02  5.91118E-01  3.19277E-26  1.14016E-09  0.00000E+00  1.0E-07
  1.010E+02  5.95404E-01  3.11558E-26  1.11259E-09  0.00000E+00  1.0E-07
  1.015E+02  5.99684E-01  3.04037E-26  1.08574E-09  0.00000E+00  1.0E-07
  1.020E+02  6.03956E-01  2.96709E-26  1.05957E-09  0.00000E+00  1.0E-07
  1.025E+02  6.08220E-01  2.89567E-26  1.03406E-09  0.00000E+00  1.0E-07
  1.030E+02  6.12476E-01  2.82607E-26  1.00921E-09  0.00000E+00  1.0E-07
  1.035E+02  6.16723E-01  2.75823E-26  9.84981E-10  0.00000E+00  1.0E-07
  1.040E+02  6.20961E-01  2.69210E-26  9.61365E-10  0.00000E+00  1.0E-07
  1.045E+02  6.25190E-01  2.62762E-26  9.38341E-10  0.00000E+00  1.0E-07
  1.050E+02  6.29410E-01  2.56476E-26  9.15893E-10  0.00000E+00  1.0E-07
  1.055E+02  6.33619E-01  2.50347E-26  8.94004E-10  0.00000E+00  1.0E-07
  1.060E+02  6.37819E-01  2.44369E-26  8.72659E-10  0.00000E+00  1.0E-07
  1.065E+02  6.42008E-01  2.38540E-26  8.51840E-10  0.00000E+00  1.0E-07
  1.070E+02  6.46186E-01  2.32853E-26  8.31535E-10  0.00000E+00  1.0E-07
  1.075E+02  6.50353E-01  2.27307E-26  8.11728E-10  0.00000E+00  1.0E-07
  1.080E+02  6.54508E-01  2.21896E-26  7.92405E-10  0.00000E+00  1.0E-07
  1.085E+02  6.58652E-01  2.16617E-26  7.73553E-10  0.00000E+00  1.0E-07
  1.090E+02  6.62784E-01  2.11466E-26  7.55158E-10  0.00000E+00  1.0E-07
  1.095E+02  6.66903E-01  2.06439E-26  7.37209E-10  0.00000E+00  1.0E-07
  1.100E+02  6.71010E-01  2.01534E-26  7.19692E-10  0.00000E+00  1.0E-07
  1.105E+02  6.75104E-01  1.96747E-26  7.02596E-10  0.00000E+00  1.0E-07
  1.110E+02  6.79184E-01  1.92074E-26  6.85910E-10  0.00000E+00  1.0E-07
  1.115E+02  6.83251E-01  1.87513E-26  6.69622E-10  0.00000E+00  1.0E-07
  1.120E+02  6.87303E-01  1.83061E-26  6.53721E-10  0.00000E+00  1.0E-07
  1.125E+02  6.91342E-01  1.78714E-26  6.38198E-10  0.00000E+00  1.0E-07
  1.130E+02  6.95366E-01  1.74469E-26  6.23041E-10  0.00000E+00  1.0E-07
  1.135E+02  6.99375E-01  1.70325E-26  6.08242E-10  0.00000E+00  1.0E-07
  1.140E+02  7.03368E-01  1.66278E-26  5.93791E-10  0.00000E+00  1.0E-07
  1.145E+02  7.07347E-01  1.62326E-26  5.79677E-10  0.00000E+00  1.0E-07
  1.150E+02  7.11309E-01  1.58466E-26  5.65894E-10  0.00000E+00  1.0E-07
  1.155E+02  7.15256E-01  1.54696E-26  5.52431E-10  0.00000E+00  1.0E-07
  1.160E+02  7.19186E-01  1.51014E-26  5.39281E-10  0.00000E+00  1.0E-07
  1.165E+02  7.23099E-01  1.47417E-26  5.26435E-10  0.00000E+00  1.0E-07
  1.170E+02  7.26995E-01  1.43903E-26  5.13886E-10  0.00000E+00  1.0E-07
  1.175E+02  7.30874E-01  1.40469E-26  5.01625E-10  0.00000E+00  1.0E-07
  1.180E+02  7.34736E-01  1.37115E-26  4.89646E-10  0.00000E+00  1.0E-07
  1.185E+02  7.38579E-01  1.33837E-26  4.77942E-10  0.00000E+00  1.0E-07
  1.190E+02  7.42405E-01  1.30635E-26  4.66504E-10  0.00000E+00  1.0E-07
  1.195E+02  7.46212E-01  1.27505E-26  4.55328E-10  0.00000E+00  1.0E-07
  1.200E+02  7.50000E-01  1.24446E-26  4.44405E-10  0.00000E+00  1.0E-07
  1.205E+02  7.53769E-01  1.21457E-26  4.33730E-10  0.00000E+00  1.0E-07
  1.210E+02  7.57519E-01  1.18535E-26  4.23296E-10  0.00000E+00  1.0E-07
  1.215E+02  7.61249E-01  1.15679E-26  4.13098E-10  0.00000E+00  1.0E-07
  1.220E+02  7.64960E-01  1.12888E-26  4.03129E-10  0.00000E+00  1.0E-07
  1.225E+02  7.68650E-01  1.10159E-26  3.93384E-10  0.00000E+00  1.0E-07
  1.230E+02  7.72320E-01  1.07491E-26  3.83858E-10  0.00000E+00  1.0E-07
  1.235E+02  7.75968E-01  1.04883E-26  3.74544E-10  0.00000E+00  1.0E-07
  1.240E+02  7.79596E-01  1.02333E-26  3.65439E-10  0.00000E+00  1.0E-07
  1.245E+02  7.83203E-01  9.98403E-27  3.56536E-10  0.00000E+00  1.0E-07
  1.250E+02  7.86788E-01  9.74028E-27  3.47832E-10  0.00000E+00  1.0E-07
  1.255E+02  7.90351E-01  9.50194E-27  3.39321E-10  0.00000E+00  1.0E-07
  1.260E+02  7.93893E-01  9.26889E-27  3.30998E-10  0.00000E+00  1.0E-07
  1.265E+02  7.97411E-01  9.04099E-27  3.22859E-10  0.00000E+00  1.0E-07
  1.270E+02  8.00908E-01  8.81812E-27  3.14901E-10  0.00000E+00  1.0E-07
  1.275E+02  8.04381E-01  8.60017E-27  3.07118E-10  0.00000E+00  1.0E-07
  1.280E+02  8.07831E-01  8.38702E-27  2.99506E-10  0.00000E+00  1.0E-07
  1.285E+02  8.11257E-01  8.17856E-27  2.92062E-10  0.00000E+00  1.0E-07
  1.290E+02  8.14660E-01  7.97468E-27  2.84781E-10  0.00000E+00  1.0E-07
  1.295E+02  8.18039E-01  7.77528E-27  2.77660E-10  0.00000E+00  1.0E-07
  1.300E+02  8.21394E-01  7.58025E-27  2.70696E-10  0.00000E+00  1.0E-07
  1.305E+02  8.24724E-01  7.38949E-27  2.63883E-10  0.00000E+00  1.0E-07
  1.310E+02  8.28030E-01  7.20290E-27  2.57220E-10  0.00000E+00  1.0E-07
  1.315E+02  8.31310E-01  7.02040E-27  2.50703E-10  0.00000E+00  1.0E-07
  1.320E+02  8.34565E-01  6.84188E-27  2.44328E-10  0.00000E+00  1.0E-07
  1.325E+02  8.37795E-01  6.66726E-27  2.38092E-10  0.00000E+00  1.0E-07
  1.330E+02  8.40999E-01  6.49645E-27  2.31992E-10  0.00000E+00  1.0E-07
  1.335E+02  8.44177E-01  6.32937E-27  2.26026E-10  0.00000E+00  1.0E-07
  1.340E+02  8.47329E-01  6.16594E-27  2.20190E-10  0.00000E+00  1.0E-07
  1.345E+02  8.50455E-01  6.00607E-27  2.14481E-10  0.00000E+00  1.0E-07
  1.350E+02  8.53553E-01  5.84968E-27  2.08896E-10  0.00000E+00  1.0E-07
  1.355E+02  8.56625E-01  5.69671E-27  2.03433E-10  0.00000E+00  1.0E-07
  1.360E+02  8.59670E-01  5.54708E-27  1.98090E-10  0.00000E+00  1.0E-07
  1.365E+02  8.62687E-01  5.40071E-27  1.92863E-10  0.00000E+00  1.0E-07
  1.370E+02  8.65677E-01  5.25754E-27  1.87750E-10  0.00000E+00  1.0E-07
  1.375E+02  8.68639E-01  5.11750E-27  1.82749E-10  0.00000E+00  1.0E-07
  1.380E+02  8.71572E-01  4.98052E-27  1.77858E-10  0.00000E+00  1.0E-07
  1.385E+02  8.74478E-01  4.84655E-27  1.73073E-10  0.00000E+00  1.0E-07
  1.390E+02  8.77355E-01  4.71550E-27  1.68394E-10  0.00000E+00  1.0E-07
  1.395E+02  8.80203E-01  4.58733E-27  1.63817E-10  0.00000E+00  1.0E-07
  1.400E+02  8.83022E-01  4.46198E-27  1.59340E-10  0.00000E+00  1.0E-07
  1.405E+02  8.85812E-01  4.33939E-27  1.54962E-10  0.00000E+00  1.0E-07
  1.410E+02  8.88573E-01  4.21950E-27  1.50681E-10  0.00000E+00  1.0E-07
  1.415E+02  8.91304E-01  4.10225E-27  1.46494E-10  0.00000E+00  1.0E-07
  1.420E+02  8.94005E-01  3.98760E-27  1.42400E-10  0.00000E+00  1.0E-07
  1.425E+02  8.96677E-01  3.87550E-27  1.38397E-10  0.00000E+00  1.0E-07
  1.430E+02  8.99318E-01  3.76588E-27  1.34482E-10  0.00000E+00  1.0E-07
  1.435E+02  9.01928E-01  3.65872E-27  1.30655E-10  0.00000E+00  1.0E-07
  1.440E+02  9.04508E-01  3.55394E-27  1.26914E-10  0.00000E+00  1.0E-07
  1.445E+02  9.07058E-01  3.45152E-27  1.23256E-10  0.00000E+00  1.0E-07
  1.450E+02  9.09576E-01  3.35140E-27  1.19681E-10  0.00000E+00  1.0E-07
  1.455E+02  9.12063E-01  3.25355E-27  1.16186E-10  0.00000E+00  1.0E-07
  1.460E+02  9.14519E-01  3.15791E-27  1.12771E-10  0.00000E+00  1.0E-07
  1.465E+02  9.16943E-01  3.06445E-27  1.09433E-10  0.00000E+00  1.0E-07
  1.470E+02  9.19335E-01  2.97312E-27  1.06172E-10  0.00000E+00  1.0E-07
  1.475E+02  9.21696E-01  2.88390E-27  1.02986E-10  0.00000E+00  1.0E-07
  1.480E+02  9.24024E-01  2.79673E-27  9.98729E-11  0.00000E+00  1.0E-07
  1.485E+02  9.26320E-01  2.71158E-27  9.68323E-11  0.00000E+00  1.0E-07
  1.490E+02  9.28584E-01  2.62842E-27  9.38625E-11  0.00000E+00  1.0E-07
  1.495E+02  9.30815E-01  2.54720E-27  9.09623E-11  0.00000E+00  1.0E-07
  1.500E+02  9.33013E-01  2.46791E-27  8.81306E-11  0.00000E+00  1.0E-07
  1.505E+02  9.35178E-01  2.39049E-27  8.53661E-11  0.00000E+00  1.0E-07
  1.510E+02  9.37310E-01  2.31493E-27  8.26676E-11  0.00000E+00  1.0E-07
  1.515E+02  9.39409E-01  2.24118E-27  8.00341E-11  0.00000E+00  1.0E-07
  1.520E+02  9.41474E-01  2.16923E-27  7.74645E-11  0.00000E+00  1.0E-07
  1.525E+02  9.43505E-01  2.09903E-27  7.49576E-11  0.00000E+00  1.0E-07
  1.530E+02  9.45503E-01  2.03056E-27  7.25124E-11  0.00000E+00  1.0E-07
  1.535E+02  9.47467E-01  1.96378E-27  7.01280E-11  0.00000E+00  1.0E-07
  1.540E+02  9.49397E-01  1.89869E-27  6.78034E-11  0.00000E+00  1.0E-07
  1.545E+02  9.51293E-01  1.83524E-27  6.55376E-11  0.00000E+00  1.0E-07
  1.550E+02  9.53154E-01  1.77341E-27  6.33296E-11  0.00000E+00  1.0E-07
  1.555E+02  9.54981E-01  1.71318E-27  6.11787E-11  0.00000E+00  1.0E-07
  1.560E+02  9.56773E-01  1.65452E-27  5.90838E-11  0.00000E+00  1.0E-07
  1.565E+02  9.58530E-01  1.59740E-27  5.70443E-11  0.00000E+00  1.0E-07
  1.570E+02  9.60252E-01  1.54181E-27  5.50592E-11  0.00000E+00  1.0E-07
  1.575E+02  9.61940E-01  1.48773E-27  5.31278E-11  0.00000E+00  1.0E-07
  1.580E+02  9.63592E-01  1.43513E-27  5.12493E-11  0.00000E+00  1.0E-07
  1.585E+02  9.65209E-01  1.38398E-27  4.94229E-11  0.00000E+00  1.0E-07
  1.590E+02  9.66790E-01  1.33428E-27  4.76479E-11  0.00000E+00  1.0E-07
  1.595E+02  9.68336E-01  1.28599E-27  4.59237E-11  0.00000E+00  1.0E-07
  1.600E+02  9.69846E-01  1.23911E-27  4.42495E-11  0.00000E+00  1.0E-07
  1.605E+02  9.71321E-01  1.19361E-27  4.26247E-11  0.00000E+00  1.0E-07
  1.610E+02  9.72759E-01  1.14948E-27  4.10486E-11  0.00000E+00  1.0E-07
  1.615E+02  9.74162E-01  1.10669E-27  3.95206E-11  0.00000E+00  1.0E-07
  1.620E+02  9.75528E-01  1.06523E-27  3.80402E-11  0.00000E+00  1.0E-07
  1.625E+02  9.76858E-01  1.02509E-27  3.66067E-11  0.00000E+00  1.0E-07
  1.630E+02  9.78152E-01  9.86249E-28  3.52196E-11  0.00000E+00  1.0E-07
  1.635E+02  9.79410E-01  9.48691E-28  3.38784E-11  0.00000E+00  1.0E-07
  1.640E+02  9.80631E-01  9.12402E-28  3.25825E-11  0.00000E+00  1.0E-07
  1.645E+02  9.81815E-01  8.77368E-28  3.13314E-11  0.00000E+00  1.0E-07
  1.650E+02  9.82963E-01  8.43577E-28  3.01247E-11  0.00000E+00  1.0E-07
  1.655E+02  9.84074E-01  8.11014E-28  2.89618E-11  0.00000E+00  1.0E-07
  1.660E+02  9.85148E-01  7.79669E-28  2.78425E-11  0.00000E+00  1.0E-07
  1.665E+02  9.86185E-01  7.49527E-28  2.67661E-11  0.00000E+00  1.0E-07
  1.670E+02  9.87185E-01  7.20579E-28  2.57323E-11  0.00000E+00  1.0E-07
  1.675E+02  9.88148E-01  6.92812E-28  2.47408E-11  0.00000E+00  1.0E-07
  1.680E+02  9.89074E-01  6.66217E-28  2.37910E-11  0.00000E+00  1.0E-07
  1.685E+02  9.89962E-01  6.40783E-28  2.28828E-11  0.00000E+00  1.0E-07
  1.690E+02  9.90814E-01  6.16501E-28  2.20156E-11  0.00000E+00  1.0E-07
  1.695E+02  9.91627E-01  5.93361E-28  2.11893E-11  0.00000E+00  1.0E-07
  1.700E+02  9.92404E-01  5.71354E-28  2.04034E-11  0.00000E+00  1.0E-07
  1.705E+02  9.93143E-01  5.50473E-28  1.96578E-11  0.00000E+00  1.0E-07
  1.710E+02  9.93844E-01  5.30710E-28  1.89520E-11  0.00000E+00  1.0E-07
  1.715E+02  9.94508E-01  5.12056E-28  1.82859E-11  0.00000E+00  1.0E-07
  1.720E+02  9.95134E-01  4.94506E-28  1.76591E-11  0.00000E+00  1.0E-07
  1.725E+02  9.95722E-01  4.78051E-28  1.70715E-11  0.00000E+00  1.0E-07
  1.730E+02  9.96273E-01  4.62687E-28  1.65229E-11  0.00000E+00  1.0E-07
  1.735E+02  9.96786E-01  4.48408E-28  1.60129E-11  0.00000E+00  1.0E-07
  1.740E+02  9.97261E-01  4.35207E-28  1.55415E-11  0.00000E+00  1.0E-07
  1.745E+02  9.97698E-01  4.23081E-28  1.51085E-11  0.00000E+00  1.0E-07
  1.750E+02  9.98097E-01  4.12024E-28  1.47137E-11  0.00000E+00  1.0E-07
  1.755E+02  9.98459E-01  4.02033E-28  1.43568E-11  0.00000E+00  1.0E-07
  1.760E+02  9.98782E-01  3.93103E-28  1.40380E-11  0.00000E+00  1.0E-07
  1.765E+02  9.99067E-01  3.85232E-28  1.37569E-11  0.00000E+00  1.0E-07
  1.770E+02  9.99315E-01  3.78416E-28  1.35135E-11  0.00000E+00  1.0E-07
  1.775E+02  9.99524E-01  3.72653E-28  1.33077E-11  0.00000E+00  1.0E-07
  1.780E+02  9.99695E-01  3.67941E-28  1.31394E-11  0.00000E+00  1.0E-07
  1.785E+02  9.99829E-01  3.64277E-28  1.30086E-11  0.00000E+00  1.0E-07
  1.790E+02  9.99924E-01  3.61662E-28  1.29152E-11  0.00000E+00  1.0E-07
  1.795E+02  9.99981E-01  3.60093E-28  1.28592E-11  0.00000E+00  1.3E-07
  1.800E+02  1.00000E+00  3.59566E-28  1.28403E-11  0.00000E+00  6.2E-07
