 #
 # Subroutine ELSEPA. Elastic scattering of electrons and positrons
 #                    by neutral atoms and positive ions
 #
 # Projectile: electron
 # Kinetic energy = 3.70000E+06 eV = 1.35973E+05 a.u.
 #
 # WARNING: High-energy factorization with free-atom DF screening.
 #          Absorption, polarization and exchange corrections are
 #          switched off.
 #          Phase shifts are calculated for the bare nucleus.
 #          Scattering amplitudes are not evaluated.
 #
 # Element: Fe,  Z =  26,  atomic weight = 5.58450E+01 g/mol
 #
 # Nuclear model: Fermi distribution
 #                Average radius = 4.08989E-13 cm
 #                Skin thickness = 5.46000E-14 cm
 #
 # Number of electrons = 26
 #
 # Total elastic cross section = 1.98982E-18 cm**2 = 7.10577E-02 a0**2
 # 1st transport cross section = 5.85045E-23 cm**2 = 2.08923E-06 a0**2
 # 2nd transport cross section = 1.65644E-22 cm**2 = 5.91526E-06 a0**2
 #
 #
 # Differential cross section:                       MU=(1-COS(THETA))/2
 #
 #  THETA        MU          DCS          DCS        Sherman      error
 #  (deg)                 (cm**2/sr)   (a0**2/sr)    function
 #----------------------------------------------------------------------
  0.000E+00  0.00000E+00  3.45061E-13  1.23224E+04  0.00000E+00  1.0E-05
  1.000E-04  7.61557E-13  3.45059E-13  1.23223E+04  0.00000E+00  1.0E-05
  1.250E-04  1.18994E-12  3.45058E-13  1.23223E+04  0.00000E+00  1.0E-05
  1.500E-04  1.71346E-12  3.45057E-13  1.23222E+04  0.00000E+00  1.0E-05
  1.750E-04  2.33225E-12  3.45056E-13  1.23222E+04  0.00000E+00  1.0E-05
  2.000E-04  3.04617E-12  3.45054E-13  1.23221E+04  0.00000E+00  1.0E-05
  2.250E-04  3.85530E-12  3.45052E-13  1.23220E+04  0.00000E+00  1.0E-05
  2.500E-04  4.75964E-12  3.45050E-13  1.23220E+04  0.00000E+00  1.0E-05
  2.750E-04  5.75917E-12  3.45048E-13  1.23219E+04  0.00000E+00  1.0E-05
  3.000E-04  6.85391E-12  3.45045E-13  1.23218E+04  0.00000E+00  1.0E-05
  3.250E-04  8.04379E-12  3.45042E-13  1.23217E+04  0.00000E+00  1.0E-05
  3.500E-04  9.32893E-12  3.45039E-13  1.23216E+04  0.00000E+00  1.0E-05
  3.750E-04  1.07092E-11  3.45036E-13  1.23215E+04  0.00000E+00  1.0E-05
  4.000E-04  1.21847E-11  3.45033E-13  1.23213E+04  0.00000E+00  1.0E-05
  4.250E-04  1.37554E-11  3.45029E-13  1.23212E+04  0.00000E+00  1.0E-05
  4.500E-04  1.54213E-11  3.45025E-13  1.23211E+04  0.00000E+00  1.0E-05
  4.750E-04  1.71823E-11  3.45021E-13  1.23209E+04  0.00000E+00  1.0E-05
  5.000E-04  1.90386E-11  3.45016E-13  1.23208E+04  0.00000E+00  1.0E-05
  5.250E-04  2.09900E-11  3.45012E-13  1.23206E+04  0.00000E+00  1.0E-05
  5.500E-04  2.30367E-11  3.45007E-13  1.23204E+04  0.00000E+00  1.0E-05
  5.750E-04  2.51785E-11  3.45002E-13  1.23202E+04  0.00000E+00  1.0E-05
  6.000E-04  2.74156E-11  3.44997E-13  1.23201E+04  0.00000E+00  1.0E-05
  6.250E-04  2.97478E-11  3.44991E-13  1.23199E+04  0.00000E+00  1.0E-05
  6.500E-04  3.21752E-11  3.44985E-13  1.23197E+04  0.00000E+00  1.0E-05
  6.750E-04  3.46979E-11  3.44979E-13  1.23194E+04  0.00000E+00  1.0E-05
  7.000E-04  3.73157E-11  3.44973E-13  1.23192E+04  0.00000E+00  1.0E-05
  7.250E-04  4.00286E-11  3.44967E-13  1.23190E+04  0.00000E+00  1.0E-05
  7.500E-04  4.28368E-11  3.44960E-13  1.23188E+04  0.00000E+00  1.0E-05
  7.750E-04  4.57402E-11  3.44953E-13  1.23185E+04  0.00000E+00  1.0E-05
  8.000E-04  4.87388E-11  3.44946E-13  1.23183E+04  0.00000E+00  1.0E-05
  8.250E-04  5.18325E-11  3.44939E-13  1.23180E+04  0.00000E+00  1.0E-05
  8.500E-04  5.50215E-11  3.44932E-13  1.23177E+04  0.00000E+00  1.0E-05
  8.750E-04  5.83057E-11  3.44924E-13  1.23175E+04  0.00000E+00  1.0E-05
  9.000E-04  6.16850E-11  3.44916E-13  1.23172E+04  0.00000E+00  1.0E-05
  9.250E-04  6.51595E-11  3.44908E-13  1.23169E+04  0.00000E+00  1.0E-05
  9.500E-04  6.87293E-11  3.44899E-13  1.23166E+04  0.00000E+00  1.0E-05
  9.750E-04  7.23943E-11  3.44891E-13  1.23163E+04  0.00000E+00  1.0E-05
  1.000E-03  7.61544E-11  3.44882E-13  1.23159E+04  0.00000E+00  1.0E-05
  1.250E-03  1.18991E-10  3.44781E-13  1.23123E+04  0.00000E+00  1.0E-05
  1.500E-03  1.71347E-10  3.44657E-13  1.23079E+04  0.00000E+00  1.0E-05
  1.750E-03  2.33223E-10  3.44512E-13  1.23027E+04  0.00000E+00  1.0E-05
  2.000E-03  3.04617E-10  3.44344E-13  1.22967E+04  0.00000E+00  1.0E-05
  2.250E-03  3.85531E-10  3.44153E-13  1.22899E+04  0.00000E+00  1.0E-05
  2.500E-03  4.75965E-10  3.43941E-13  1.22823E+04  0.00000E+00  1.0E-05
  2.750E-03  5.75917E-10  3.43706E-13  1.22740E+04  0.00000E+00  1.0E-05
  3.000E-03  6.85389E-10  3.43449E-13  1.22648E+04  0.00000E+00  1.0E-05
  3.250E-03  8.04380E-10  3.43171E-13  1.22548E+04  0.00000E+00  1.0E-05
  3.500E-03  9.32891E-10  3.42870E-13  1.22441E+04  0.00000E+00  1.0E-05
  3.750E-03  1.07092E-09  3.42548E-13  1.22326E+04  0.00000E+00  1.0E-05
  4.000E-03  1.21847E-09  3.42204E-13  1.22203E+04  0.00000E+00  1.0E-05
  4.250E-03  1.37554E-09  3.41838E-13  1.22073E+04  0.00000E+00  1.0E-05
  4.500E-03  1.54213E-09  3.41451E-13  1.21934E+04  0.00000E+00  1.0E-05
  4.750E-03  1.71823E-09  3.41042E-13  1.21788E+04  0.00000E+00  1.0E-05
  5.000E-03  1.90386E-09  3.40612E-13  1.21635E+04  0.00000E+00  1.0E-05
  5.250E-03  2.09900E-09  3.40162E-13  1.21474E+04  0.00000E+00  1.0E-05
  5.500E-03  2.30367E-09  3.39690E-13  1.21305E+04  0.00000E+00  1.0E-05
  5.750E-03  2.51785E-09  3.39197E-13  1.21129E+04  0.00000E+00  1.0E-05
  6.000E-03  2.74156E-09  3.38684E-13  1.20946E+04  0.00000E+00  1.0E-05
  6.250E-03  2.97478E-09  3.38150E-13  1.20756E+04  0.00000E+00  1.0E-05
  6.500E-03  3.21752E-09  3.37596E-13  1.20558E+04  0.00000E+00  1.0E-05
  6.750E-03  3.46978E-09  3.37021E-13  1.20353E+04  0.00000E+00  1.0E-05
  7.000E-03  3.73156E-09  3.36427E-13  1.20140E+04  0.00000E+00  1.0E-05
  7.250E-03  4.00286E-09  3.35813E-13  1.19921E+04  0.00000E+00  1.0E-05
  7.500E-03  4.28368E-09  3.35179E-13  1.19695E+04  0.00000E+00  1.0E-05
  7.750E-03  4.57402E-09  3.34526E-13  1.19461E+04  0.00000E+00  1.0E-05
  8.000E-03  4.87388E-09  3.33853E-13  1.19221E+04  0.00000E+00  1.0E-05
  8.250E-03  5.18326E-09  3.33161E-13  1.18974E+04  0.00000E+00  1.0E-05
  8.500E-03  5.50215E-09  3.32451E-13  1.18720E+04  0.00000E+00  1.0E-05
  8.750E-03  5.83057E-09  3.31722E-13  1.18460E+04  0.00000E+00  1.0E-05
  9.000E-03  6.16850E-09  3.30974E-13  1.18193E+04  0.00000E+00  1.0E-05
  9.250E-03  6.51596E-09  3.30208E-13  1.17919E+04  0.00000E+00  1.0E-05
  9.500E-03  6.87293E-09  3.29424E-13  1.17640E+04  0.00000E+00  1.0E-05
  9.750E-03  7.23942E-09  3.28623E-13  1.17353E+04  0.00000E+00  1.0E-05
  1.000E-02  7.61544E-09  3.27803E-13  1.17061E+04  0.00000E+00  1.0E-05
  1.250E-02  1.18991E-08  3.18699E-13  1.13810E+04  0.00000E+00  1.0E-05
  1.500E-02  1.71347E-08  3.08091E-13  1.10021E+04  0.00000E+00  1.0E-05
  1.750E-02  2.33223E-08  2.96303E-13  1.05812E+04  0.00000E+00  1.0E-05
  2.000E-02  3.04617E-08  2.83614E-13  1.01280E+04  0.00000E+00  1.0E-05
  2.250E-02  3.85531E-08  2.70260E-13  9.65115E+03  0.00000E+00  1.0E-05
  2.500E-02  4.75965E-08  2.56512E-13  9.16022E+03  0.00000E+00  1.0E-05
  2.750E-02  5.75917E-08  2.42644E-13  8.66499E+03  0.00000E+00  1.0E-05
  3.000E-02  6.85389E-08  2.28865E-13  8.17291E+03  0.00000E+00  1.0E-05
  3.250E-02  8.04380E-08  2.15317E-13  7.68910E+03  0.00000E+00  1.0E-05
  3.500E-02  9.32891E-08  2.02131E-13  7.21824E+03  0.00000E+00  1.0E-05
  3.750E-02  1.07092E-07  1.89463E-13  6.76584E+03  0.00000E+00  1.0E-05
  4.000E-02  1.21847E-07  1.77386E-13  6.33458E+03  0.00000E+00  1.0E-05
  4.250E-02  1.37554E-07  1.65940E-13  5.92581E+03  0.00000E+00  1.0E-05
  4.500E-02  1.54213E-07  1.55127E-13  5.53968E+03  0.00000E+00  1.0E-05
  4.750E-02  1.71823E-07  1.45000E-13  5.17805E+03  0.00000E+00  1.0E-05
  5.000E-02  1.90386E-07  1.35552E-13  4.84065E+03  0.00000E+00  1.0E-05
  5.250E-02  2.09900E-07  1.26763E-13  4.52678E+03  0.00000E+00  1.0E-05
  5.500E-02  2.30367E-07  1.18578E-13  4.23450E+03  0.00000E+00  1.0E-05
  5.750E-02  2.51785E-07  1.11001E-13  3.96393E+03  0.00000E+00  1.0E-05
  6.000E-02  2.74156E-07  1.03996E-13  3.71376E+03  0.00000E+00  1.0E-05
  6.250E-02  2.97478E-07  9.75240E-14  3.48264E+03  0.00000E+00  1.0E-05
  6.500E-02  3.21752E-07  9.15310E-14  3.26863E+03  0.00000E+00  1.0E-05
  6.750E-02  3.46978E-07  8.59954E-14  3.07095E+03  0.00000E+00  1.0E-05
  7.000E-02  3.73156E-07  8.08847E-14  2.88844E+03  0.00000E+00  1.0E-05
  7.250E-02  4.00286E-07  7.61643E-14  2.71988E+03  0.00000E+00  1.0E-05
  7.500E-02  4.28368E-07  7.17913E-14  2.56371E+03  0.00000E+00  1.0E-05
  7.750E-02  4.57402E-07  6.77404E-14  2.41905E+03  0.00000E+00  1.0E-05
  8.000E-02  4.87388E-07  6.39900E-14  2.28512E+03  0.00000E+00  1.0E-05
  8.250E-02  5.18325E-07  6.05143E-14  2.16100E+03  0.00000E+00  1.0E-05
  8.500E-02  5.50215E-07  5.72832E-14  2.04562E+03  0.00000E+00  1.0E-05
  8.750E-02  5.83057E-07  5.42731E-14  1.93813E+03  0.00000E+00  1.0E-05
  9.000E-02  6.16850E-07  5.14732E-14  1.83814E+03  0.00000E+00  1.0E-05
  9.250E-02  6.51596E-07  4.88654E-14  1.74501E+03  0.00000E+00  1.0E-05
  9.500E-02  6.87293E-07  4.64304E-14  1.65806E+03  0.00000E+00  1.0E-05
  9.750E-02  7.23942E-07  4.41465E-14  1.57650E+03  0.00000E+00  1.0E-05
  1.000E-01  7.61543E-07  4.20109E-14  1.50024E+03  0.00000E+00  1.0E-05
  1.250E-01  1.18991E-06  2.65127E-14  9.46785E+02  0.00000E+00  1.0E-05
  1.500E-01  1.71347E-06  1.72396E-14  6.15636E+02  0.00000E+00  1.0E-05
  1.750E-01  2.33223E-06  1.17267E-14  4.18768E+02  0.00000E+00  1.0E-05
  2.000E-01  3.04617E-06  8.16344E-15  2.91522E+02  0.00000E+00  1.0E-05
  2.250E-01  3.85531E-06  5.73814E-15  2.04913E+02  0.00000E+00  1.0E-05
  2.500E-01  4.75964E-06  4.10430E-15  1.46567E+02  0.00000E+00  1.0E-05
  2.750E-01  5.75916E-06  2.99663E-15  1.07012E+02  0.00000E+00  1.0E-05
  3.000E-01  6.85388E-06  2.22848E-15  7.95805E+01  0.00000E+00  1.0E-05
  3.250E-01  8.04378E-06  1.68459E-15  6.01577E+01  0.00000E+00  1.0E-05
  3.500E-01  9.32888E-06  1.29525E-15  4.62543E+01  0.00000E+00  1.0E-05
  3.750E-01  1.07092E-05  1.01325E-15  3.61838E+01  0.00000E+00  1.0E-05
  4.000E-01  1.21846E-05  8.05138E-16  2.87520E+01  0.00000E+00  1.0E-05
  4.250E-01  1.37553E-05  6.48925E-16  2.31735E+01  0.00000E+00  1.0E-05
  4.500E-01  1.54212E-05  5.29734E-16  1.89171E+01  0.00000E+00  1.0E-05
  4.750E-01  1.71822E-05  4.37583E-16  1.56264E+01  0.00000E+00  1.0E-05
  5.000E-01  1.90385E-05  3.65291E-16  1.30448E+01  0.00000E+00  1.0E-05
  5.250E-01  2.09899E-05  3.07877E-16  1.09945E+01  0.00000E+00  1.0E-05
  5.500E-01  2.30365E-05  2.61520E-16  9.33905E+00  0.00000E+00  1.0E-05
  5.750E-01  2.51783E-05  2.23793E-16  7.99181E+00  0.00000E+00  1.0E-05
  6.000E-01  2.74153E-05  1.92784E-16  6.88445E+00  0.00000E+00  1.0E-05
  6.250E-01  2.97475E-05  1.67066E-16  5.96605E+00  0.00000E+00  1.0E-05
  6.500E-01  3.21749E-05  1.45486E-16  5.19539E+00  0.00000E+00  1.0E-05
  6.750E-01  3.46974E-05  1.27290E-16  4.54562E+00  0.00000E+00  1.0E-05
  7.000E-01  3.73152E-05  1.11868E-16  3.99488E+00  0.00000E+00  1.0E-05
  7.250E-01  4.00281E-05  9.87179E-17  3.52528E+00  0.00000E+00  1.0E-05
  7.500E-01  4.28362E-05  8.74103E-17  3.12148E+00  0.00000E+00  1.0E-05
  7.750E-01  4.57395E-05  7.76532E-17  2.77305E+00  0.00000E+00  1.0E-05
  8.000E-01  4.87380E-05  6.92097E-17  2.47152E+00  0.00000E+00  1.0E-05
  8.250E-01  5.18317E-05  6.18704E-17  2.20943E+00  0.00000E+00  1.0E-05
  8.500E-01  5.50205E-05  5.54551E-17  1.98034E+00  0.00000E+00  1.0E-05
  8.750E-01  5.83045E-05  4.98270E-17  1.77935E+00  0.00000E+00  1.0E-05
  9.000E-01  6.16838E-05  4.48855E-17  1.60289E+00  0.00000E+00  1.0E-05
  9.250E-01  6.51582E-05  4.05327E-17  1.44745E+00  0.00000E+00  1.0E-05
  9.500E-01  6.87277E-05  3.66844E-17  1.31002E+00  0.00000E+00  1.0E-05
  9.750E-01  7.23925E-05  3.32685E-17  1.18804E+00  0.00000E+00  1.0E-05
  1.000E+00  7.61524E-05  3.02362E-17  1.07976E+00  0.00000E+00  2.9E-06
  1.100E+00  9.21439E-05  2.10369E-17  7.51242E-01  0.00000E+00  2.3E-06
  1.200E+00  1.09658E-04  1.50541E-17  5.37591E-01  0.00000E+00  1.4E-06
  1.300E+00  1.28695E-04  1.10415E-17  3.94301E-01  0.00000E+00  5.2E-07
  1.400E+00  1.49255E-04  8.27437E-18  2.95483E-01  0.00000E+00  3.7E-07
  1.500E+00  1.71338E-04  6.32413E-18  2.25839E-01  0.00000E+00  7.6E-07
  1.600E+00  1.94942E-04  4.91690E-18  1.75586E-01  0.00000E+00  8.9E-07
  1.700E+00  2.20070E-04  3.88103E-18  1.38594E-01  0.00000E+00  7.8E-07
  1.800E+00  2.46720E-04  3.10484E-18  1.10876E-01  0.00000E+00  5.3E-07
  1.900E+00  2.74892E-04  2.51424E-18  8.97851E-02  0.00000E+00  2.3E-07
  2.000E+00  3.04586E-04  2.05832E-18  7.35039E-02  0.00000E+00  1.7E-07
  2.100E+00  3.35803E-04  1.70171E-18  6.07693E-02  0.00000E+00  3.3E-07
  2.200E+00  3.68542E-04  1.41927E-18  5.06829E-02  0.00000E+00  4.0E-07
  2.300E+00  4.02802E-04  1.19332E-18  4.26144E-02  0.00000E+00  3.7E-07
  2.400E+00  4.38585E-04  1.01080E-18  3.60963E-02  0.00000E+00  2.7E-07
  2.500E+00  4.75889E-04  8.62015E-19  3.07831E-02  0.00000E+00  1.4E-07
  2.600E+00  5.14715E-04  7.39638E-19  2.64129E-02  0.00000E+00  1.0E-07
  2.700E+00  5.55063E-04  6.38287E-19  2.27936E-02  0.00000E+00  1.8E-07
  2.800E+00  5.96931E-04  5.53764E-19  1.97753E-02  0.00000E+00  2.2E-07
  2.900E+00  6.40321E-04  4.82814E-19  1.72416E-02  0.00000E+00  2.1E-07
  3.000E+00  6.85233E-04  4.22868E-19  1.51009E-02  0.00000E+00  1.6E-07
  3.100E+00  7.31665E-04  3.71949E-19  1.32825E-02  0.00000E+00  1.0E-07
  3.200E+00  7.79618E-04  3.28481E-19  1.17303E-02  0.00000E+00  1.0E-07
  3.300E+00  8.29092E-04  2.91190E-19  1.03986E-02  0.00000E+00  1.1E-07
  3.400E+00  8.80086E-04  2.59042E-19  9.25055E-03  0.00000E+00  1.4E-07
  3.500E+00  9.32601E-04  2.31205E-19  8.25650E-03  0.00000E+00  1.4E-07
  3.600E+00  9.86636E-04  2.07014E-19  7.39259E-03  0.00000E+00  1.1E-07
  3.700E+00  1.04219E-03  1.85908E-19  6.63888E-03  0.00000E+00  1.0E-07
  3.800E+00  1.09927E-03  1.67423E-19  5.97879E-03  0.00000E+00  1.0E-07
  3.900E+00  1.15786E-03  1.51176E-19  5.39859E-03  0.00000E+00  1.0E-07
  4.000E+00  1.21797E-03  1.36854E-19  4.88715E-03  0.00000E+00  1.0E-07
  4.100E+00  1.27961E-03  1.24190E-19  4.43490E-03  0.00000E+00  1.0E-07
  4.200E+00  1.34276E-03  1.12958E-19  4.03379E-03  0.00000E+00  1.0E-07
  4.300E+00  1.40743E-03  1.02964E-19  3.67691E-03  0.00000E+00  1.0E-07
  4.400E+00  1.47362E-03  9.40524E-20  3.35867E-03  0.00000E+00  1.0E-07
  4.500E+00  1.54133E-03  8.60851E-20  3.07415E-03  0.00000E+00  1.0E-07
  4.600E+00  1.61056E-03  7.89443E-20  2.81915E-03  0.00000E+00  1.0E-07
  4.700E+00  1.68131E-03  7.25276E-20  2.59001E-03  0.00000E+00  1.0E-07
  4.800E+00  1.75357E-03  6.67500E-20  2.38369E-03  0.00000E+00  1.0E-07
  4.900E+00  1.82735E-03  6.15370E-20  2.19752E-03  0.00000E+00  1.0E-07
  5.000E+00  1.90265E-03  5.68234E-20  2.02920E-03  0.00000E+00  1.0E-07
  5.100E+00  1.97947E-03  5.25523E-20  1.87668E-03  0.00000E+00  1.0E-07
  5.200E+00  2.05780E-03  4.86752E-20  1.73822E-03  0.00000E+00  1.0E-07
  5.300E+00  2.13765E-03  4.51495E-20  1.61232E-03  0.00000E+00  1.0E-07
  5.400E+00  2.21902E-03  4.19376E-20  1.49762E-03  0.00000E+00  1.0E-07
  5.500E+00  2.30190E-03  3.90064E-20  1.39294E-03  0.00000E+00  1.0E-07
  5.600E+00  2.38630E-03  3.63269E-20  1.29726E-03  0.00000E+00  1.0E-07
  5.700E+00  2.47222E-03  3.38738E-20  1.20966E-03  0.00000E+00  1.0E-07
  5.800E+00  2.55965E-03  3.16247E-20  1.12934E-03  0.00000E+00  1.0E-07
  5.900E+00  2.64859E-03  2.95593E-20  1.05558E-03  0.00000E+00  1.0E-07
  6.000E+00  2.73905E-03  2.76598E-20  9.87750E-04  0.00000E+00  1.0E-07
  6.100E+00  2.83103E-03  2.59108E-20  9.25290E-04  0.00000E+00  1.0E-07
  6.200E+00  2.92452E-03  2.42980E-20  8.67697E-04  0.00000E+00  1.0E-07
  6.300E+00  3.01952E-03  2.28090E-20  8.14523E-04  0.00000E+00  1.0E-07
  6.400E+00  3.11604E-03  2.14323E-20  7.65362E-04  0.00000E+00  1.0E-07
  6.500E+00  3.21407E-03  2.01582E-20  7.19861E-04  0.00000E+00  1.0E-07
  6.600E+00  3.31362E-03  1.89775E-20  6.77698E-04  0.00000E+00  1.0E-07
  6.700E+00  3.41468E-03  1.78821E-20  6.38583E-04  0.00000E+00  1.0E-07
  6.800E+00  3.51725E-03  1.68648E-20  6.02252E-04  0.00000E+00  1.0E-07
  6.900E+00  3.62133E-03  1.59189E-20  5.68473E-04  0.00000E+00  1.0E-07
  7.000E+00  3.72692E-03  1.50385E-20  5.37034E-04  0.00000E+00  1.0E-07
  7.100E+00  3.83403E-03  1.42183E-20  5.07744E-04  0.00000E+00  1.0E-07
  7.200E+00  3.94265E-03  1.34533E-20  4.80426E-04  0.00000E+00  1.0E-07
  7.300E+00  4.05278E-03  1.27392E-20  4.54925E-04  0.00000E+00  1.0E-07
  7.400E+00  4.16442E-03  1.20720E-20  4.31098E-04  0.00000E+00  1.0E-07
  7.500E+00  4.27757E-03  1.14479E-20  4.08813E-04  0.00000E+00  1.0E-07
  7.600E+00  4.39223E-03  1.08638E-20  3.87953E-04  0.00000E+00  1.0E-07
  7.700E+00  4.50840E-03  1.03165E-20  3.68410E-04  0.00000E+00  1.0E-07
  7.800E+00  4.62608E-03  9.80337E-21  3.50085E-04  0.00000E+00  1.0E-07
  7.900E+00  4.74527E-03  9.32181E-21  3.32888E-04  0.00000E+00  1.0E-07
  8.000E+00  4.86597E-03  8.86953E-21  3.16737E-04  0.00000E+00  1.0E-07
  8.100E+00  4.98817E-03  8.44441E-21  3.01555E-04  0.00000E+00  1.0E-07
  8.200E+00  5.11188E-03  8.04452E-21  2.87275E-04  0.00000E+00  1.0E-07
  8.300E+00  5.23711E-03  7.66810E-21  2.73833E-04  0.00000E+00  1.0E-07
  8.400E+00  5.36383E-03  7.31349E-21  2.61169E-04  0.00000E+00  1.0E-07
  8.500E+00  5.49207E-03  6.97919E-21  2.49232E-04  0.00000E+00  1.0E-07
  8.600E+00  5.62181E-03  6.66384E-21  2.37970E-04  0.00000E+00  1.0E-07
  8.700E+00  5.75306E-03  6.36615E-21  2.27339E-04  0.00000E+00  1.0E-07
  8.800E+00  5.88581E-03  6.08495E-21  2.17297E-04  0.00000E+00  1.0E-07
  8.900E+00  6.02007E-03  5.81914E-21  2.07805E-04  0.00000E+00  1.0E-07
  9.000E+00  6.15583E-03  5.56774E-21  1.98827E-04  0.00000E+00  1.0E-07
  9.100E+00  6.29310E-03  5.32981E-21  1.90331E-04  0.00000E+00  1.0E-07
  9.200E+00  6.43187E-03  5.10449E-21  1.82285E-04  0.00000E+00  1.0E-07
  9.300E+00  6.57214E-03  4.89099E-21  1.74660E-04  0.00000E+00  1.0E-07
  9.400E+00  6.71392E-03  4.68857E-21  1.67432E-04  0.00000E+00  1.0E-07
  9.500E+00  6.85720E-03  4.49655E-21  1.60575E-04  0.00000E+00  1.0E-07
  9.600E+00  7.00198E-03  4.31429E-21  1.54066E-04  0.00000E+00  1.0E-07
  9.700E+00  7.14827E-03  4.14121E-21  1.47885E-04  0.00000E+00  1.0E-07
  9.800E+00  7.29605E-03  3.97674E-21  1.42012E-04  0.00000E+00  1.0E-07
  9.900E+00  7.44534E-03  3.82039E-21  1.36429E-04  0.00000E+00  1.0E-07
  1.000E+01  7.59612E-03  3.67167E-21  1.31118E-04  0.00000E+00  1.0E-07
  1.025E+01  7.97965E-03  3.33044E-21  1.18932E-04  0.00000E+00  1.0E-07
  1.050E+01  8.37255E-03  3.02808E-21  1.08135E-04  0.00000E+00  1.0E-07
  1.075E+01  8.77480E-03  2.75937E-21  9.85390E-05  0.00000E+00  1.0E-07
  1.100E+01  9.18641E-03  2.51993E-21  8.99882E-05  0.00000E+00  1.0E-07
  1.125E+01  9.60736E-03  2.30599E-21  8.23483E-05  0.00000E+00  1.0E-07
  1.150E+01  1.00376E-02  2.11436E-21  7.55052E-05  0.00000E+00  1.0E-07
  1.175E+01  1.04773E-02  1.94230E-21  6.93609E-05  0.00000E+00  1.0E-07
  1.200E+01  1.09262E-02  1.78746E-21  6.38315E-05  0.00000E+00  1.0E-07
  1.225E+01  1.13844E-02  1.64781E-21  5.88443E-05  0.00000E+00  1.0E-07
  1.250E+01  1.18520E-02  1.52158E-21  5.43367E-05  0.00000E+00  1.0E-07
  1.275E+01  1.23288E-02  1.40726E-21  5.02543E-05  0.00000E+00  1.0E-07
  1.300E+01  1.28150E-02  1.30352E-21  4.65496E-05  0.00000E+00  1.0E-07
  1.325E+01  1.33104E-02  1.20921E-21  4.31815E-05  0.00000E+00  1.0E-07
  1.350E+01  1.38150E-02  1.12330E-21  4.01139E-05  0.00000E+00  1.0E-07
  1.375E+01  1.43290E-02  1.04493E-21  3.73150E-05  0.00000E+00  1.0E-07
  1.400E+01  1.48521E-02  9.73296E-22  3.47570E-05  0.00000E+00  1.0E-07
  1.425E+01  1.53845E-02  9.07727E-22  3.24155E-05  0.00000E+00  1.0E-07
  1.450E+01  1.59262E-02  8.47610E-22  3.02687E-05  0.00000E+00  1.0E-07
  1.475E+01  1.64770E-02  7.92411E-22  2.82975E-05  0.00000E+00  1.0E-07
  1.500E+01  1.70371E-02  7.41652E-22  2.64849E-05  0.00000E+00  1.0E-07
  1.525E+01  1.76063E-02  6.94911E-22  2.48157E-05  0.00000E+00  1.0E-07
  1.550E+01  1.81848E-02  6.51811E-22  2.32766E-05  0.00000E+00  1.0E-07
  1.575E+01  1.87724E-02  6.12016E-22  2.18555E-05  0.00000E+00  1.0E-07
  1.600E+01  1.93692E-02  5.75226E-22  2.05417E-05  0.00000E+00  1.0E-07
  1.625E+01  1.99751E-02  5.41172E-22  1.93256E-05  0.00000E+00  1.0E-07
  1.650E+01  2.05901E-02  5.09612E-22  1.81986E-05  0.00000E+00  1.0E-07
  1.675E+01  2.12143E-02  4.80330E-22  1.71529E-05  0.00000E+00  1.0E-07
  1.700E+01  2.18476E-02  4.53131E-22  1.61816E-05  0.00000E+00  1.0E-07
  1.725E+01  2.24900E-02  4.27839E-22  1.52784E-05  0.00000E+00  1.0E-07
  1.750E+01  2.31415E-02  4.04296E-22  1.44377E-05  0.00000E+00  1.0E-07
  1.775E+01  2.38021E-02  3.82357E-22  1.36542E-05  0.00000E+00  1.0E-07
  1.800E+01  2.44717E-02  3.61893E-22  1.29234E-05  0.00000E+00  1.0E-07
  1.825E+01  2.51504E-02  3.42787E-22  1.22411E-05  0.00000E+00  1.0E-07
  1.850E+01  2.58382E-02  3.24930E-22  1.16035E-05  0.00000E+00  1.0E-07
  1.875E+01  2.65349E-02  3.08227E-22  1.10070E-05  0.00000E+00  1.0E-07
  1.900E+01  2.72407E-02  2.92589E-22  1.04485E-05  0.00000E+00  1.0E-07
  1.925E+01  2.79555E-02  2.77934E-22  9.92520E-06  0.00000E+00  1.0E-07
  1.950E+01  2.86793E-02  2.64190E-22  9.43438E-06  0.00000E+00  1.0E-07
  1.975E+01  2.94120E-02  2.51288E-22  8.97367E-06  0.00000E+00  1.0E-07
  2.000E+01  3.01537E-02  2.39169E-22  8.54087E-06  0.00000E+00  1.0E-07
  2.025E+01  3.09043E-02  2.27774E-22  8.13396E-06  0.00000E+00  1.0E-07
  2.050E+01  3.16639E-02  2.17053E-22  7.75112E-06  0.00000E+00  1.0E-07
  2.075E+01  3.24324E-02  2.06959E-22  7.39064E-06  0.00000E+00  1.0E-07
  2.100E+01  3.32098E-02  1.97447E-22  7.05096E-06  0.00000E+00  1.0E-07
  2.125E+01  3.39961E-02  1.88478E-22  6.73067E-06  0.00000E+00  1.0E-07
  2.150E+01  3.47912E-02  1.80015E-22  6.42844E-06  0.00000E+00  1.0E-07
  2.175E+01  3.55952E-02  1.72023E-22  6.14306E-06  0.00000E+00  1.0E-07
  2.200E+01  3.64081E-02  1.64472E-22  5.87341E-06  0.00000E+00  1.0E-07
  2.225E+01  3.72297E-02  1.57333E-22  5.61846E-06  0.00000E+00  1.0E-07
  2.250E+01  3.80602E-02  1.50578E-22  5.37725E-06  0.00000E+00  1.0E-07
  2.275E+01  3.88995E-02  1.44184E-22  5.14891E-06  0.00000E+00  1.0E-07
  2.300E+01  3.97476E-02  1.38127E-22  4.93261E-06  0.00000E+00  1.0E-07
  2.325E+01  4.06044E-02  1.32386E-22  4.72760E-06  0.00000E+00  1.0E-07
  2.350E+01  4.14700E-02  1.26942E-22  4.53317E-06  0.00000E+00  1.0E-07
  2.375E+01  4.23443E-02  1.21775E-22  4.34868E-06  0.00000E+00  1.0E-07
  2.400E+01  4.32273E-02  1.16870E-22  4.17352E-06  0.00000E+00  1.0E-07
  2.425E+01  4.41190E-02  1.12211E-22  4.00712E-06  0.00000E+00  1.0E-07
  2.450E+01  4.50194E-02  1.07782E-22  3.84897E-06  0.00000E+00  1.0E-07
  2.475E+01  4.59284E-02  1.03570E-22  3.69857E-06  0.00000E+00  1.0E-07
  2.500E+01  4.68461E-02  9.95635E-23  3.55548E-06  0.00000E+00  1.0E-07
  2.550E+01  4.87074E-02  9.21163E-23  3.28953E-06  0.00000E+00  1.0E-07
  2.600E+01  5.06030E-02  8.53550E-23  3.04808E-06  0.00000E+00  1.0E-07
  2.650E+01  5.25328E-02  7.92050E-23  2.82846E-06  0.00000E+00  1.0E-07
  2.700E+01  5.44967E-02  7.36007E-23  2.62833E-06  0.00000E+00  1.0E-07
  2.750E+01  5.64946E-02  6.84850E-23  2.44564E-06  0.00000E+00  1.0E-07
  2.800E+01  5.85262E-02  6.38074E-23  2.27860E-06  0.00000E+00  1.0E-07
  2.850E+01  6.05914E-02  5.95235E-23  2.12562E-06  0.00000E+00  1.0E-07
  2.900E+01  6.26901E-02  5.55941E-23  1.98530E-06  0.00000E+00  1.0E-07
  2.950E+01  6.48222E-02  5.19845E-23  1.85640E-06  0.00000E+00  1.0E-07
  3.000E+01  6.69873E-02  4.86637E-23  1.73781E-06  0.00000E+00  1.0E-07
  3.050E+01  6.91854E-02  4.56045E-23  1.62857E-06  0.00000E+00  1.0E-07
  3.100E+01  7.14163E-02  4.27824E-23  1.52779E-06  0.00000E+00  1.0E-07
  3.150E+01  7.36799E-02  4.01755E-23  1.43469E-06  0.00000E+00  1.0E-07
  3.200E+01  7.59760E-02  3.77645E-23  1.34860E-06  0.00000E+00  1.0E-07
  3.250E+01  7.83043E-02  3.55319E-23  1.26887E-06  0.00000E+00  1.0E-07
  3.300E+01  8.06647E-02  3.34620E-23  1.19495E-06  0.00000E+00  1.0E-07
  3.350E+01  8.30571E-02  3.15408E-23  1.12634E-06  0.00000E+00  1.0E-07
  3.400E+01  8.54812E-02  2.97555E-23  1.06259E-06  0.00000E+00  1.0E-07
  3.450E+01  8.79369E-02  2.80948E-23  1.00328E-06  0.00000E+00  1.0E-07
  3.500E+01  9.04240E-02  2.65484E-23  9.48059E-07  0.00000E+00  1.0E-07
  3.550E+01  9.29422E-02  2.51068E-23  8.96581E-07  0.00000E+00  1.0E-07
  3.600E+01  9.54915E-02  2.37617E-23  8.48546E-07  0.00000E+00  1.0E-07
  3.650E+01  9.80716E-02  2.25054E-23  8.03682E-07  0.00000E+00  1.0E-07
  3.700E+01  1.00682E-01  2.13309E-23  7.61741E-07  0.00000E+00  1.0E-07
  3.750E+01  1.03323E-01  2.02319E-23  7.22495E-07  0.00000E+00  1.0E-07
  3.800E+01  1.05995E-01  1.92027E-23  6.85740E-07  0.00000E+00  1.0E-07
  3.850E+01  1.08696E-01  1.82379E-23  6.51287E-07  0.00000E+00  1.0E-07
  3.900E+01  1.11427E-01  1.73328E-23  6.18965E-07  0.00000E+00  1.0E-07
  3.950E+01  1.14188E-01  1.64829E-23  5.88617E-07  0.00000E+00  1.0E-07
  4.000E+01  1.16978E-01  1.56844E-23  5.60100E-07  0.00000E+00  1.0E-07
  4.050E+01  1.19797E-01  1.49334E-23  5.33282E-07  0.00000E+00  1.0E-07
  4.100E+01  1.22645E-01  1.42267E-23  5.08044E-07  0.00000E+00  1.0E-07
  4.150E+01  1.25522E-01  1.35611E-23  4.84275E-07  0.00000E+00  1.0E-07
  4.200E+01  1.28428E-01  1.29337E-23  4.61872E-07  0.00000E+00  1.0E-07
  4.250E+01  1.31361E-01  1.23421E-23  4.40743E-07  0.00000E+00  1.0E-07
  4.300E+01  1.34323E-01  1.17836E-23  4.20801E-07  0.00000E+00  1.0E-07
  4.350E+01  1.37313E-01  1.12562E-23  4.01968E-07  0.00000E+00  1.0E-07
  4.400E+01  1.40330E-01  1.07578E-23  3.84169E-07  0.00000E+00  1.0E-07
  4.450E+01  1.43375E-01  1.02865E-23  3.67337E-07  0.00000E+00  1.0E-07
  4.500E+01  1.46447E-01  9.84049E-24  3.51410E-07  0.00000E+00  1.0E-07
  4.550E+01  1.49545E-01  9.41821E-24  3.36330E-07  0.00000E+00  1.0E-07
  4.600E+01  1.52671E-01  9.01814E-24  3.22044E-07  0.00000E+00  1.0E-07
  4.650E+01  1.55823E-01  8.63889E-24  3.08500E-07  0.00000E+00  1.0E-07
  4.700E+01  1.59001E-01  8.27918E-24  2.95655E-07  0.00000E+00  1.0E-07
  4.750E+01  1.62205E-01  7.93780E-24  2.83464E-07  0.00000E+00  1.0E-07
  4.800E+01  1.65435E-01  7.61365E-24  2.71889E-07  0.00000E+00  1.0E-07
  4.850E+01  1.68690E-01  7.30570E-24  2.60891E-07  0.00000E+00  1.0E-07
  4.900E+01  1.71970E-01  7.01298E-24  2.50438E-07  0.00000E+00  1.0E-07
  4.950E+01  1.75276E-01  6.73458E-24  2.40496E-07  0.00000E+00  1.0E-07
  5.000E+01  1.78606E-01  6.46969E-24  2.31037E-07  0.00000E+00  1.0E-07
  5.050E+01  1.81961E-01  6.21752E-24  2.22032E-07  0.00000E+00  1.0E-07
  5.100E+01  1.85340E-01  5.97734E-24  2.13455E-07  0.00000E+00  1.0E-07
  5.150E+01  1.88743E-01  5.74847E-24  2.05282E-07  0.00000E+00  1.0E-07
  5.200E+01  1.92169E-01  5.53029E-24  1.97490E-07  0.00000E+00  1.0E-07
  5.250E+01  1.95619E-01  5.32220E-24  1.90059E-07  0.00000E+00  1.0E-07
  5.300E+01  1.99092E-01  5.12364E-24  1.82968E-07  0.00000E+00  1.0E-07
  5.350E+01  2.02589E-01  4.93409E-24  1.76200E-07  0.00000E+00  1.0E-07
  5.400E+01  2.06107E-01  4.75307E-24  1.69735E-07  0.00000E+00  1.0E-07
  5.450E+01  2.09649E-01  4.58012E-24  1.63559E-07  0.00000E+00  1.0E-07
  5.500E+01  2.13212E-01  4.41482E-24  1.57656E-07  0.00000E+00  1.0E-07
  5.550E+01  2.16797E-01  4.25675E-24  1.52011E-07  0.00000E+00  1.0E-07
  5.600E+01  2.20404E-01  4.10556E-24  1.46612E-07  0.00000E+00  1.0E-07
  5.650E+01  2.24032E-01  3.96087E-24  1.41445E-07  0.00000E+00  1.0E-07
  5.700E+01  2.27680E-01  3.82236E-24  1.36499E-07  0.00000E+00  1.0E-07
  5.750E+01  2.31350E-01  3.68971E-24  1.31762E-07  0.00000E+00  1.0E-07
  5.800E+01  2.35040E-01  3.56263E-24  1.27224E-07  0.00000E+00  1.0E-07
  5.850E+01  2.38751E-01  3.44084E-24  1.22875E-07  0.00000E+00  1.0E-07
  5.900E+01  2.42481E-01  3.32408E-24  1.18705E-07  0.00000E+00  1.0E-07
  5.950E+01  2.46231E-01  3.21210E-24  1.14706E-07  0.00000E+00  1.0E-07
  6.000E+01  2.50000E-01  3.10467E-24  1.10870E-07  0.00000E+00  1.0E-07
  6.050E+01  2.53788E-01  3.00157E-24  1.07188E-07  0.00000E+00  1.0E-07
  6.100E+01  2.57595E-01  2.90260E-24  1.03654E-07  0.00000E+00  1.0E-07
  6.150E+01  2.61421E-01  2.80755E-24  1.00259E-07  0.00000E+00  1.0E-07
  6.200E+01  2.65264E-01  2.71624E-24  9.69987E-08  0.00000E+00  1.0E-07
  6.250E+01  2.69126E-01  2.62850E-24  9.38655E-08  0.00000E+00  1.0E-07
  6.300E+01  2.73005E-01  2.54416E-24  9.08536E-08  0.00000E+00  1.0E-07
  6.350E+01  2.76901E-01  2.46307E-24  8.79577E-08  0.00000E+00  1.0E-07
  6.400E+01  2.80814E-01  2.38507E-24  8.51723E-08  0.00000E+00  1.0E-07
  6.450E+01  2.84744E-01  2.31003E-24  8.24925E-08  0.00000E+00  1.0E-07
  6.500E+01  2.88691E-01  2.23781E-24  7.99136E-08  0.00000E+00  1.0E-07
  6.550E+01  2.92653E-01  2.16829E-24  7.74309E-08  0.00000E+00  1.0E-07
  6.600E+01  2.96632E-01  2.10134E-24  7.50403E-08  0.00000E+00  1.0E-07
  6.650E+01  3.00625E-01  2.03686E-24  7.27377E-08  0.00000E+00  1.0E-07
  6.700E+01  3.04634E-01  1.97474E-24  7.05193E-08  0.00000E+00  1.0E-07
  6.750E+01  3.08658E-01  1.91487E-24  6.83813E-08  0.00000E+00  1.0E-07
  6.800E+01  3.12697E-01  1.85716E-24  6.63205E-08  0.00000E+00  1.0E-07
  6.850E+01  3.16749E-01  1.80152E-24  6.43333E-08  0.00000E+00  1.0E-07
  6.900E+01  3.20816E-01  1.74785E-24  6.24168E-08  0.00000E+00  1.0E-07
  6.950E+01  3.24896E-01  1.69608E-24  6.05680E-08  0.00000E+00  1.0E-07
  7.000E+01  3.28990E-01  1.64612E-24  5.87840E-08  0.00000E+00  1.0E-07
  7.050E+01  3.33097E-01  1.59790E-24  5.70621E-08  0.00000E+00  1.0E-07
  7.100E+01  3.37216E-01  1.55135E-24  5.53998E-08  0.00000E+00  1.0E-07
  7.150E+01  3.41348E-01  1.50640E-24  5.37946E-08  0.00000E+00  1.0E-07
  7.200E+01  3.45492E-01  1.46299E-24  5.22442E-08  0.00000E+00  1.0E-07
  7.250E+01  3.49647E-01  1.42104E-24  5.07464E-08  0.00000E+00  1.0E-07
  7.300E+01  3.53814E-01  1.38051E-24  4.92990E-08  0.00000E+00  1.0E-07
  7.350E+01  3.57992E-01  1.34134E-24  4.79002E-08  0.00000E+00  1.0E-07
  7.400E+01  3.62181E-01  1.30347E-24  4.65478E-08  0.00000E+00  1.0E-07
  7.450E+01  3.66381E-01  1.26685E-24  4.52402E-08  0.00000E+00  1.0E-07
  7.500E+01  3.70590E-01  1.23144E-24  4.39756E-08  0.00000E+00  1.0E-07
  7.550E+01  3.74810E-01  1.19718E-24  4.27522E-08  0.00000E+00  1.0E-07
  7.600E+01  3.79039E-01  1.16404E-24  4.15685E-08  0.00000E+00  1.0E-07
  7.650E+01  3.83277E-01  1.13196E-24  4.04231E-08  0.00000E+00  1.0E-07
  7.700E+01  3.87524E-01  1.10091E-24  3.93143E-08  0.00000E+00  1.0E-07
  7.750E+01  3.91780E-01  1.07085E-24  3.82409E-08  0.00000E+00  1.0E-07
  7.800E+01  3.96044E-01  1.04175E-24  3.72014E-08  0.00000E+00  1.0E-07
  7.850E+01  4.00316E-01  1.01356E-24  3.61947E-08  0.00000E+00  1.0E-07
  7.900E+01  4.04596E-01  9.86247E-25  3.52195E-08  0.00000E+00  1.0E-07
  7.950E+01  4.08882E-01  9.59789E-25  3.42747E-08  0.00000E+00  1.0E-07
  8.000E+01  4.13176E-01  9.34150E-25  3.33591E-08  0.00000E+00  1.0E-07
  8.050E+01  4.17476E-01  9.09299E-25  3.24717E-08  0.00000E+00  1.0E-07
  8.100E+01  4.21783E-01  8.85209E-25  3.16114E-08  0.00000E+00  1.0E-07
  8.150E+01  4.26095E-01  8.61851E-25  3.07773E-08  0.00000E+00  1.0E-07
  8.200E+01  4.30413E-01  8.39200E-25  2.99684E-08  0.00000E+00  1.0E-07
  8.250E+01  4.34737E-01  8.17230E-25  2.91838E-08  0.00000E+00  1.0E-07
  8.300E+01  4.39065E-01  7.95917E-25  2.84227E-08  0.00000E+00  1.0E-07
  8.350E+01  4.43398E-01  7.75238E-25  2.76843E-08  0.00000E+00  1.0E-07
  8.400E+01  4.47736E-01  7.55171E-25  2.69677E-08  0.00000E+00  1.0E-07
  8.450E+01  4.52077E-01  7.35695E-25  2.62721E-08  0.00000E+00  1.0E-07
  8.500E+01  4.56422E-01  7.16788E-25  2.55970E-08  0.00000E+00  1.0E-07
  8.550E+01  4.60770E-01  6.98432E-25  2.49415E-08  0.00000E+00  1.0E-07
  8.600E+01  4.65122E-01  6.80608E-25  2.43050E-08  0.00000E+00  1.0E-07
  8.650E+01  4.69476E-01  6.63298E-25  2.36868E-08  0.00000E+00  1.0E-07
  8.700E+01  4.73832E-01  6.46483E-25  2.30863E-08  0.00000E+00  1.0E-07
  8.750E+01  4.78190E-01  6.30148E-25  2.25030E-08  0.00000E+00  1.0E-07
  8.800E+01  4.82550E-01  6.14276E-25  2.19362E-08  0.00000E+00  1.0E-07
  8.850E+01  4.86912E-01  5.98852E-25  2.13854E-08  0.00000E+00  1.0E-07
  8.900E+01  4.91274E-01  5.83862E-25  2.08501E-08  0.00000E+00  1.0E-07
  8.950E+01  4.95637E-01  5.69290E-25  2.03297E-08  0.00000E+00  1.0E-07
  9.000E+01  5.00000E-01  5.55123E-25  1.98238E-08  0.00000E+00  1.0E-07
  9.050E+01  5.04363E-01  5.41348E-25  1.93319E-08  0.00000E+00  1.0E-07
  9.100E+01  5.08726E-01  5.27953E-25  1.88535E-08  0.00000E+00  1.0E-07
  9.150E+01  5.13088E-01  5.14924E-25  1.83883E-08  0.00000E+00  1.0E-07
  9.200E+01  5.17450E-01  5.02251E-25  1.79357E-08  0.00000E+00  1.0E-07
  9.250E+01  5.21810E-01  4.89922E-25  1.74954E-08  0.00000E+00  1.0E-07
  9.300E+01  5.26168E-01  4.77926E-25  1.70670E-08  0.00000E+00  1.0E-07
  9.350E+01  5.30524E-01  4.66252E-25  1.66502E-08  0.00000E+00  1.0E-07
  9.400E+01  5.34878E-01  4.54891E-25  1.62444E-08  0.00000E+00  1.0E-07
  9.450E+01  5.39230E-01  4.43832E-25  1.58495E-08  0.00000E+00  1.0E-07
  9.500E+01  5.43578E-01  4.33067E-25  1.54651E-08  0.00000E+00  1.0E-07
  9.550E+01  5.47923E-01  4.22585E-25  1.50908E-08  0.00000E+00  1.0E-07
  9.600E+01  5.52264E-01  4.12379E-25  1.47263E-08  0.00000E+00  1.0E-07
  9.650E+01  5.56602E-01  4.02440E-25  1.43714E-08  0.00000E+00  1.0E-07
  9.700E+01  5.60935E-01  3.92760E-25  1.40257E-08  0.00000E+00  1.0E-07
  9.750E+01  5.65263E-01  3.83331E-25  1.36890E-08  0.00000E+00  1.0E-07
  9.800E+01  5.69587E-01  3.74145E-25  1.33610E-08  0.00000E+00  1.0E-07
  9.850E+01  5.73905E-01  3.65196E-25  1.30414E-08  0.00000E+00  1.0E-07
  9.900E+01  5.78217E-01  3.56476E-25  1.27300E-08  0.00000E+00  1.0E-07
  9.950E+01  5.82524E-01  3.47977E-25  1.24265E-08  0.00000E+00  1.0E-07
  1.000E+02  5.86824E-01  3.39695E-25  1.21307E-08  0.00000E+00  1.0E-07
  1.005E+02  5.91118E-01  3.31622E-25  1.18424E-08  0.00000E+00  1.0E-07
  1.010E+02  5.95404E-01  3.23752E-25  1.15614E-08  0.00000E+00  1.0E-07
  1.015E+02  5.99684E-01  3.16079E-25  1.12874E-08  0.00000E+00  1.0E-07
  1.020E+02  6.03956E-01  3.08598E-25  1.10202E-08  0.00000E+00  1.0E-07
  1.025E+02  6.08220E-01  3.01303E-25  1.07597E-08  0.00000E+00  1.0E-07
  1.030E+02  6.12476E-01  2.94189E-25  1.05057E-08  0.00000E+00  1.0E-07
  1.035E+02  6.16723E-01  2.87250E-25  1.02579E-08  0.00000E+00  1.0E-07
  1.040E+02  6.20961E-01  2.80482E-25  1.00162E-08  0.00000E+00  1.0E-07
  1.045E+02  6.25190E-01  2.73879E-25  9.78041E-09  0.00000E+00  1.0E-07
  1.050E+02  6.29410E-01  2.67438E-25  9.55038E-09  0.00000E+00  1.0E-07
  1.055E+02  6.33619E-01  2.61153E-25  9.32594E-09  0.00000E+00  1.0E-07
  1.060E+02  6.37819E-01  2.55020E-25  9.10693E-09  0.00000E+00  1.0E-07
  1.065E+02  6.42008E-01  2.49035E-25  8.89320E-09  0.00000E+00  1.0E-07
  1.070E+02  6.46186E-01  2.43194E-25  8.68461E-09  0.00000E+00  1.0E-07
  1.075E+02  6.50353E-01  2.37493E-25  8.48102E-09  0.00000E+00  1.0E-07
  1.080E+02  6.54508E-01  2.31928E-25  8.28228E-09  0.00000E+00  1.0E-07
  1.085E+02  6.58652E-01  2.26495E-25  8.08827E-09  0.00000E+00  1.0E-07
  1.090E+02  6.62784E-01  2.21190E-25  7.89885E-09  0.00000E+00  1.0E-07
  1.095E+02  6.66903E-01  2.16011E-25  7.71391E-09  0.00000E+00  1.0E-07
  1.100E+02  6.71010E-01  2.10954E-25  7.53332E-09  0.00000E+00  1.0E-07
  1.105E+02  6.75104E-01  2.06016E-25  7.35696E-09  0.00000E+00  1.0E-07
  1.110E+02  6.79184E-01  2.01193E-25  7.18473E-09  0.00000E+00  1.0E-07
  1.115E+02  6.83251E-01  1.96482E-25  7.01650E-09  0.00000E+00  1.0E-07
  1.120E+02  6.87303E-01  1.91881E-25  6.85219E-09  0.00000E+00  1.0E-07
  1.125E+02  6.91342E-01  1.87386E-25  6.69168E-09  0.00000E+00  1.0E-07
  1.130E+02  6.95366E-01  1.82995E-25  6.53487E-09  0.00000E+00  1.0E-07
  1.135E+02  6.99375E-01  1.78705E-25  6.38167E-09  0.00000E+00  1.0E-07
  1.140E+02  7.03368E-01  1.74513E-25  6.23198E-09  0.00000E+00  1.0E-07
  1.145E+02  7.07347E-01  1.70417E-25  6.08572E-09  0.00000E+00  1.0E-07
  1.150E+02  7.11309E-01  1.66415E-25  5.94279E-09  0.00000E+00  1.0E-07
  1.155E+02  7.15256E-01  1.62504E-25  5.80311E-09  0.00000E+00  1.0E-07
  1.160E+02  7.19186E-01  1.58681E-25  5.66660E-09  0.00000E+00  1.0E-07
  1.165E+02  7.23099E-01  1.54945E-25  5.53317E-09  0.00000E+00  1.0E-07
  1.170E+02  7.26995E-01  1.51293E-25  5.40275E-09  0.00000E+00  1.0E-07
  1.175E+02  7.30874E-01  1.47723E-25  5.27527E-09  0.00000E+00  1.0E-07
  1.180E+02  7.34736E-01  1.44233E-25  5.15064E-09  0.00000E+00  1.0E-07
  1.185E+02  7.38579E-01  1.40821E-25  5.02880E-09  0.00000E+00  1.0E-07
  1.190E+02  7.42405E-01  1.37485E-25  4.90968E-09  0.00000E+00  1.0E-07
  1.195E+02  7.46212E-01  1.34224E-25  4.79321E-09  0.00000E+00  1.0E-07
  1.200E+02  7.50000E-01  1.31035E-25  4.67933E-09  0.00000E+00  1.0E-07
  1.205E+02  7.53769E-01  1.27916E-25  4.56797E-09  0.00000E+00  1.0E-07
  1.210E+02  7.57519E-01  1.24867E-25  4.45907E-09  0.00000E+00  1.0E-07
  1.215E+02  7.61249E-01  1.21884E-25  4.35257E-09  0.00000E+00  1.0E-07
  1.220E+02  7.64960E-01  1.18968E-25  4.24842E-09  0.00000E+00  1.0E-07
  1.225E+02  7.68650E-01  1.16115E-25  4.14655E-09  0.00000E+00  1.0E-07
  1.230E+02  7.72320E-01  1.13325E-25  4.04691E-09  0.00000E+00  1.0E-07
  1.235E+02  7.75968E-01  1.10596E-25  3.94946E-09  0.00000E+00  1.0E-07
  1.240E+02  7.79596E-01  1.07927E-25  3.85413E-09  0.00000E+00  1.0E-07
  1.245E+02  7.83203E-01  1.05315E-25  3.76088E-09  0.00000E+00  1.0E-07
  1.250E+02  7.86788E-01  1.02761E-25  3.66966E-09  0.00000E+00  1.0E-07
  1.255E+02  7.90351E-01  1.00262E-25  3.58041E-09  0.00000E+00  1.0E-07
  1.260E+02  7.93893E-01  9.78170E-26  3.49311E-09  0.00000E+00  1.0E-07
  1.265E+02  7.97411E-01  9.54251E-26  3.40769E-09  0.00000E+00  1.0E-07
  1.270E+02  8.00908E-01  9.30849E-26  3.32412E-09  0.00000E+00  1.0E-07
  1.275E+02  8.04381E-01  9.07952E-26  3.24236E-09  0.00000E+00  1.0E-07
  1.280E+02  8.07831E-01  8.85549E-26  3.16235E-09  0.00000E+00  1.0E-07
  1.285E+02  8.11257E-01  8.63628E-26  3.08407E-09  0.00000E+00  1.0E-07
  1.290E+02  8.14660E-01  8.42179E-26  3.00748E-09  0.00000E+00  1.0E-07
  1.295E+02  8.18039E-01  8.21191E-26  2.93252E-09  0.00000E+00  1.0E-07
  1.300E+02  8.21394E-01  8.00653E-26  2.85918E-09  0.00000E+00  1.0E-07
  1.305E+02  8.24724E-01  7.80556E-26  2.78742E-09  0.00000E+00  1.0E-07
  1.310E+02  8.28030E-01  7.60889E-26  2.71719E-09  0.00000E+00  1.0E-07
  1.315E+02  8.31310E-01  7.41644E-26  2.64846E-09  0.00000E+00  1.0E-07
  1.320E+02  8.34565E-01  7.22812E-26  2.58121E-09  0.00000E+00  1.0E-07
  1.325E+02  8.37795E-01  7.04382E-26  2.51539E-09  0.00000E+00  1.0E-07
  1.330E+02  8.40999E-01  6.86346E-26  2.45099E-09  0.00000E+00  1.0E-07
  1.335E+02  8.44177E-01  6.68696E-26  2.38796E-09  0.00000E+00  1.0E-07
  1.340E+02  8.47329E-01  6.51424E-26  2.32628E-09  0.00000E+00  1.0E-07
  1.345E+02  8.50455E-01  6.34521E-26  2.26592E-09  0.00000E+00  1.0E-07
  1.350E+02  8.53553E-01  6.17980E-26  2.20685E-09  0.00000E+00  1.0E-07
  1.355E+02  8.56625E-01  6.01793E-26  2.14904E-09  0.00000E+00  1.0E-07
  1.360E+02  8.59670E-01  5.85952E-26  2.09247E-09  0.00000E+00  1.0E-07
  1.365E+02  8.62687E-01  5.70451E-26  2.03712E-09  0.00000E+00  1.0E-07
  1.370E+02  8.65677E-01  5.55282E-26  1.98295E-09  0.00000E+00  1.0E-07
  1.375E+02  8.68639E-01  5.40438E-26  1.92994E-09  0.00000E+00  1.0E-07
  1.380E+02  8.71572E-01  5.25913E-26  1.87807E-09  0.00000E+00  1.0E-07
  1.385E+02  8.74478E-01  5.11701E-26  1.82732E-09  0.00000E+00  1.0E-07
  1.390E+02  8.77355E-01  4.97794E-26  1.77765E-09  0.00000E+00  1.0E-07
  1.395E+02  8.80203E-01  4.84187E-26  1.72906E-09  0.00000E+00  1.0E-07
  1.400E+02  8.83022E-01  4.70874E-26  1.68152E-09  0.00000E+00  1.0E-07
  1.405E+02  8.85812E-01  4.57848E-26  1.63501E-09  0.00000E+00  1.0E-07
  1.410E+02  8.88573E-01  4.45105E-26  1.58950E-09  0.00000E+00  1.0E-07
  1.415E+02  8.91304E-01  4.32639E-26  1.54498E-09  0.00000E+00  1.0E-07
  1.420E+02  8.94005E-01  4.20444E-26  1.50143E-09  0.00000E+00  1.0E-07
  1.425E+02  8.96677E-01  4.08515E-26  1.45883E-09  0.00000E+00  1.0E-07
  1.430E+02  8.99318E-01  3.96847E-26  1.41717E-09  0.00000E+00  1.0E-07
  1.435E+02  9.01928E-01  3.85435E-26  1.37641E-09  0.00000E+00  1.0E-07
  1.440E+02  9.04508E-01  3.74274E-26  1.33656E-09  0.00000E+00  1.0E-07
  1.445E+02  9.07058E-01  3.63360E-26  1.29758E-09  0.00000E+00  1.0E-07
  1.450E+02  9.09576E-01  3.52688E-26  1.25947E-09  0.00000E+00  1.0E-07
  1.455E+02  9.12063E-01  3.42253E-26  1.22221E-09  0.00000E+00  1.0E-07
  1.460E+02  9.14519E-01  3.32051E-26  1.18577E-09  0.00000E+00  1.0E-07
  1.465E+02  9.16943E-01  3.22078E-26  1.15016E-09  0.00000E+00  1.0E-07
  1.470E+02  9.19335E-01  3.12329E-26  1.11535E-09  0.00000E+00  1.0E-07
  1.475E+02  9.21696E-01  3.02801E-26  1.08132E-09  0.00000E+00  1.0E-07
  1.480E+02  9.24024E-01  2.93491E-26  1.04807E-09  0.00000E+00  1.0E-07
  1.485E+02  9.26320E-01  2.84393E-26  1.01558E-09  0.00000E+00  1.0E-07
  1.490E+02  9.28584E-01  2.75504E-26  9.83843E-10  0.00000E+00  1.0E-07
  1.495E+02  9.30815E-01  2.66821E-26  9.52836E-10  0.00000E+00  1.0E-07
  1.500E+02  9.33013E-01  2.58341E-26  9.22551E-10  0.00000E+00  1.0E-07
  1.505E+02  9.35178E-01  2.50059E-26  8.92976E-10  0.00000E+00  1.0E-07
  1.510E+02  9.37310E-01  2.41972E-26  8.64099E-10  0.00000E+00  1.0E-07
  1.515E+02  9.39409E-01  2.34078E-26  8.35909E-10  0.00000E+00  1.0E-07
  1.520E+02  9.41474E-01  2.26373E-26  8.08394E-10  0.00000E+00  1.0E-07
  1.525E+02  9.43505E-01  2.18855E-26  7.81544E-10  0.00000E+00  1.0E-07
  1.530E+02  9.45503E-01  2.11519E-26  7.55347E-10  0.00000E+00  1.0E-07
  1.535E+02  9.47467E-01  2.04363E-26  7.29795E-10  0.00000E+00  1.0E-07
  1.540E+02  9.49397E-01  1.97385E-26  7.04876E-10  0.00000E+00  1.0E-07
  1.545E+02  9.51293E-01  1.90582E-26  6.80581E-10  0.00000E+00  1.0E-07
  1.550E+02  9.53154E-01  1.83951E-26  6.56900E-10  0.00000E+00  1.0E-07
  1.555E+02  9.54981E-01  1.77489E-26  6.33825E-10  0.00000E+00  1.0E-07
  1.560E+02  9.56773E-01  1.71194E-26  6.11346E-10  0.00000E+00  1.0E-07
  1.565E+02  9.58530E-01  1.65064E-26  5.89455E-10  0.00000E+00  1.0E-07
  1.570E+02  9.60252E-01  1.59096E-26  5.68143E-10  0.00000E+00  1.0E-07
  1.575E+02  9.61940E-01  1.53288E-26  5.47403E-10  0.00000E+00  1.0E-07
  1.580E+02  9.63592E-01  1.47638E-26  5.27226E-10  0.00000E+00  1.0E-07
  1.585E+02  9.65209E-01  1.42144E-26  5.07604E-10  0.00000E+00  1.0E-07
  1.590E+02  9.66790E-01  1.36802E-26  4.88531E-10  0.00000E+00  1.0E-07
  1.595E+02  9.68336E-01  1.31613E-26  4.69998E-10  0.00000E+00  1.0E-07
  1.600E+02  9.69846E-01  1.26573E-26  4.51999E-10  0.00000E+00  1.0E-07
  1.605E+02  9.71321E-01  1.21680E-26  4.34528E-10  0.00000E+00  1.0E-07
  1.610E+02  9.72759E-01  1.16934E-26  4.17577E-10  0.00000E+00  1.0E-07
  1.615E+02  9.74162E-01  1.12331E-26  4.01141E-10  0.00000E+00  1.0E-07
  1.620E+02  9.75528E-01  1.07871E-26  3.85213E-10  0.00000E+00  1.0E-07
  1.625E+02  9.76858E-01  1.03551E-26  3.69786E-10  0.00000E+00  1.0E-07
  1.630E+02  9.78152E-01  9.93700E-27  3.54857E-10  0.00000E+00  1.0E-07
  1.635E+02  9.79410E-01  9.53268E-27  3.40418E-10  0.00000E+00  1.0E-07
  1.640E+02  9.80631E-01  9.14195E-27  3.26465E-10  0.00000E+00  1.0E-07
  1.645E+02  9.81815E-01  8.76468E-27  3.12992E-10  0.00000E+00  1.0E-07
  1.650E+02  9.82963E-01  8.40073E-27  2.99995E-10  0.00000E+00  1.0E-07
  1.655E+02  9.84074E-01  8.04995E-27  2.87469E-10  0.00000E+00  1.0E-07
  1.660E+02  9.85148E-01  7.71223E-27  2.75409E-10  0.00000E+00  1.0E-07
  1.665E+02  9.86185E-01  7.38743E-27  2.63810E-10  0.00000E+00  1.0E-07
  1.670E+02  9.87185E-01  7.07545E-27  2.52669E-10  0.00000E+00  1.0E-07
  1.675E+02  9.88148E-01  6.77616E-27  2.41981E-10  0.00000E+00  1.0E-07
  1.680E+02  9.89074E-01  6.48946E-27  2.31743E-10  0.00000E+00  1.0E-07
  1.685E+02  9.89962E-01  6.21525E-27  2.21951E-10  0.00000E+00  1.0E-07
  1.690E+02  9.90814E-01  5.95342E-27  2.12600E-10  0.00000E+00  1.0E-07
  1.695E+02  9.91627E-01  5.70387E-27  2.03689E-10  0.00000E+00  1.0E-07
  1.700E+02  9.92404E-01  5.46653E-27  1.95213E-10  0.00000E+00  1.0E-07
  1.705E+02  9.93143E-01  5.24130E-27  1.87170E-10  0.00000E+00  1.0E-07
  1.710E+02  9.93844E-01  5.02810E-27  1.79557E-10  0.00000E+00  1.0E-07
  1.715E+02  9.94508E-01  4.82685E-27  1.72370E-10  0.00000E+00  1.0E-07
  1.720E+02  9.95134E-01  4.63749E-27  1.65608E-10  0.00000E+00  1.0E-07
  1.725E+02  9.95722E-01  4.45994E-27  1.59267E-10  0.00000E+00  1.0E-07
  1.730E+02  9.96273E-01  4.29414E-27  1.53346E-10  0.00000E+00  1.0E-07
  1.735E+02  9.96786E-01  4.14003E-27  1.47843E-10  0.00000E+00  1.0E-07
  1.740E+02  9.97261E-01  3.99755E-27  1.42755E-10  0.00000E+00  1.0E-07
  1.745E+02  9.97698E-01  3.86666E-27  1.38081E-10  0.00000E+00  1.0E-07
  1.750E+02  9.98097E-01  3.74731E-27  1.33819E-10  0.00000E+00  1.0E-07
  1.755E+02  9.98459E-01  3.63946E-27  1.29967E-10  0.00000E+00  1.0E-07
  1.760E+02  9.98782E-01  3.54306E-27  1.26525E-10  0.00000E+00  1.0E-07
  1.765E+02  9.99067E-01  3.45808E-27  1.23490E-10  0.00000E+00  1.0E-07
  1.770E+02  9.99315E-01  3.38449E-27  1.20862E-10  0.00000E+00  1.0E-07
  1.775E+02  9.99524E-01  3.32227E-27  1.18640E-10  0.00000E+00  1.0E-07
  1.780E+02  9.99695E-01  3.27139E-27  1.16824E-10  0.00000E+00  1.0E-07
  1.785E+02  9.99829E-01  3.23184E-27  1.15411E-10  0.00000E+00  1.0E-07
  1.790E+02  9.99924E-01  3.20360E-27  1.14403E-10  0.00000E+00  1.0E-07
  1.795E+02  9.99981E-01  3.18666E-27  1.13798E-10  0.00000E+00  1.0E-07
  1.800E+02  1.00000E+00  3.18101E-27  1.13596E-10  0.00000E+00  1.0E-07
