 #
 # Subroutine ELSEPA. Elastic scattering of electrons and positrons
 #                    by neutral atoms and positive ions
 #
 # Projectile: electron
 # Kinetic energy = 3.70000E+06 eV = 1.35973E+05 a.u.
 #
 # WARNING: High-energy factorization with free-atom DF screening.
 #          Absorption, polarization and exchange corrections are
 #          switched off.
 #          Phase shifts are calculated for the bare nucleus.
 #          Scattering amplitudes are not evaluated.
 #
 # Element:  H,  Z =   1,  atomic weight = 1.00790E+00 g/mol
 #
 # Nuclear model: Fermi distribution
 #                Average radius = 1.07281E-13 cm
 #                Skin thickness = 5.46000E-14 cm
 #
 # Number of electrons =  1
 #
 # Total elastic cross section = 1.10035E-20 cm**2 = 3.92943E-04 a0**2
 # 1st transport cross section = 9.95317E-26 cm**2 = 3.55434E-09 a0**2
 # 2nd transport cross section = 2.87000E-25 cm**2 = 1.02489E-08 a0**2
 #
 #
 # Differential cross section:                       MU=(1-COS(THETA))/2
 #
 #  THETA        MU          DCS          DCS        Sherman      error
 #  (deg)                 (cm**2/sr)   (a0**2/sr)    function
 #----------------------------------------------------------------------
  0.000E+00  0.00000E+00  1.90152E-15  6.79046E+01  0.00000E+00  1.0E-05
  1.000E-04  7.61557E-13  1.90152E-15  6.79044E+01  0.00000E+00  1.0E-05
  1.250E-04  1.18994E-12  1.90151E-15  6.79043E+01  0.00000E+00  1.0E-05
  1.500E-04  1.71346E-12  1.90151E-15  6.79041E+01  0.00000E+00  1.0E-05
  1.750E-04  2.33225E-12  1.90150E-15  6.79040E+01  0.00000E+00  1.0E-05
  2.000E-04  3.04617E-12  1.90150E-15  6.79038E+01  0.00000E+00  1.0E-05
  2.250E-04  3.85530E-12  1.90149E-15  6.79036E+01  0.00000E+00  1.0E-05
  2.500E-04  4.75964E-12  1.90149E-15  6.79033E+01  0.00000E+00  1.0E-05
  2.750E-04  5.75917E-12  1.90148E-15  6.79031E+01  0.00000E+00  1.0E-05
  3.000E-04  6.85391E-12  1.90147E-15  6.79028E+01  0.00000E+00  1.0E-05
  3.250E-04  8.04379E-12  1.90146E-15  6.79025E+01  0.00000E+00  1.0E-05
  3.500E-04  9.32893E-12  1.90145E-15  6.79022E+01  0.00000E+00  1.0E-05
  3.750E-04  1.07092E-11  1.90144E-15  6.79018E+01  0.00000E+00  1.0E-05
  4.000E-04  1.21847E-11  1.90143E-15  6.79014E+01  0.00000E+00  1.0E-05
  4.250E-04  1.37554E-11  1.90142E-15  6.79010E+01  0.00000E+00  1.0E-05
  4.500E-04  1.54213E-11  1.90141E-15  6.79006E+01  0.00000E+00  1.0E-05
  4.750E-04  1.71823E-11  1.90140E-15  6.79002E+01  0.00000E+00  1.0E-05
  5.000E-04  1.90386E-11  1.90138E-15  6.78997E+01  0.00000E+00  1.0E-05
  5.250E-04  2.09900E-11  1.90137E-15  6.78992E+01  0.00000E+00  1.0E-05
  5.500E-04  2.30367E-11  1.90136E-15  6.78987E+01  0.00000E+00  1.0E-05
  5.750E-04  2.51785E-11  1.90134E-15  6.78981E+01  0.00000E+00  1.0E-05
  6.000E-04  2.74156E-11  1.90132E-15  6.78975E+01  0.00000E+00  1.0E-05
  6.250E-04  2.97478E-11  1.90131E-15  6.78969E+01  0.00000E+00  1.0E-05
  6.500E-04  3.21752E-11  1.90129E-15  6.78963E+01  0.00000E+00  1.0E-05
  6.750E-04  3.46979E-11  1.90127E-15  6.78957E+01  0.00000E+00  1.0E-05
  7.000E-04  3.73157E-11  1.90125E-15  6.78950E+01  0.00000E+00  1.0E-05
  7.250E-04  4.00286E-11  1.90123E-15  6.78943E+01  0.00000E+00  1.0E-05
  7.500E-04  4.28368E-11  1.90121E-15  6.78936E+01  0.00000E+00  1.0E-05
  7.750E-04  4.57402E-11  1.90119E-15  6.78928E+01  0.00000E+00  1.0E-05
  8.000E-04  4.87388E-11  1.90117E-15  6.78921E+01  0.00000E+00  1.0E-05
  8.250E-04  5.18325E-11  1.90115E-15  6.78913E+01  0.00000E+00  1.0E-05
  8.500E-04  5.50215E-11  1.90113E-15  6.78905E+01  0.00000E+00  1.0E-05
  8.750E-04  5.83057E-11  1.90110E-15  6.78896E+01  0.00000E+00  1.0E-05
  9.000E-04  6.16850E-11  1.90108E-15  6.78888E+01  0.00000E+00  1.0E-05
  9.250E-04  6.51595E-11  1.90105E-15  6.78879E+01  0.00000E+00  1.0E-05
  9.500E-04  6.87293E-11  1.90103E-15  6.78869E+01  0.00000E+00  1.0E-05
  9.750E-04  7.23943E-11  1.90100E-15  6.78860E+01  0.00000E+00  1.0E-05
  1.000E-03  7.61544E-11  1.90097E-15  6.78850E+01  0.00000E+00  1.0E-05
  1.250E-03  1.18991E-10  1.90067E-15  6.78741E+01  0.00000E+00  1.0E-05
  1.500E-03  1.71347E-10  1.90029E-15  6.78607E+01  0.00000E+00  1.0E-05
  1.750E-03  2.33223E-10  1.89985E-15  6.78449E+01  0.00000E+00  1.0E-05
  2.000E-03  3.04617E-10  1.89934E-15  6.78266E+01  0.00000E+00  1.0E-05
  2.250E-03  3.85531E-10  1.89876E-15  6.78059E+01  0.00000E+00  1.0E-05
  2.500E-03  4.75965E-10  1.89811E-15  6.77828E+01  0.00000E+00  1.0E-05
  2.750E-03  5.75917E-10  1.89740E-15  6.77573E+01  0.00000E+00  1.0E-05
  3.000E-03  6.85389E-10  1.89662E-15  6.77294E+01  0.00000E+00  1.0E-05
  3.250E-03  8.04380E-10  1.89577E-15  6.76990E+01  0.00000E+00  1.0E-05
  3.500E-03  9.32891E-10  1.89485E-15  6.76663E+01  0.00000E+00  1.0E-05
  3.750E-03  1.07092E-09  1.89386E-15  6.76311E+01  0.00000E+00  1.0E-05
  4.000E-03  1.21847E-09  1.89281E-15  6.75936E+01  0.00000E+00  1.0E-05
  4.250E-03  1.37554E-09  1.89170E-15  6.75537E+01  0.00000E+00  1.0E-05
  4.500E-03  1.54213E-09  1.89051E-15  6.75113E+01  0.00000E+00  1.0E-05
  4.750E-03  1.71823E-09  1.88926E-15  6.74666E+01  0.00000E+00  1.0E-05
  5.000E-03  1.90386E-09  1.88794E-15  6.74195E+01  0.00000E+00  1.0E-05
  5.250E-03  2.09900E-09  1.88655E-15  6.73701E+01  0.00000E+00  1.0E-05
  5.500E-03  2.30367E-09  1.88510E-15  6.73183E+01  0.00000E+00  1.0E-05
  5.750E-03  2.51785E-09  1.88359E-15  6.72641E+01  0.00000E+00  1.0E-05
  6.000E-03  2.74156E-09  1.88201E-15  6.72077E+01  0.00000E+00  1.0E-05
  6.250E-03  2.97478E-09  1.88036E-15  6.71488E+01  0.00000E+00  1.0E-05
  6.500E-03  3.21752E-09  1.87865E-15  6.70877E+01  0.00000E+00  1.0E-05
  6.750E-03  3.46978E-09  1.87687E-15  6.70243E+01  0.00000E+00  1.0E-05
  7.000E-03  3.73156E-09  1.87503E-15  6.69585E+01  0.00000E+00  1.0E-05
  7.250E-03  4.00286E-09  1.87312E-15  6.68904E+01  0.00000E+00  1.0E-05
  7.500E-03  4.28368E-09  1.87115E-15  6.68201E+01  0.00000E+00  1.0E-05
  7.750E-03  4.57402E-09  1.86912E-15  6.67475E+01  0.00000E+00  1.0E-05
  8.000E-03  4.87388E-09  1.86702E-15  6.66725E+01  0.00000E+00  1.0E-05
  8.250E-03  5.18326E-09  1.86486E-15  6.65954E+01  0.00000E+00  1.0E-05
  8.500E-03  5.50215E-09  1.86264E-15  6.65162E+01  0.00000E+00  1.0E-05
  8.750E-03  5.83057E-09  1.86035E-15  6.64343E+01  0.00000E+00  1.0E-05
  9.000E-03  6.16850E-09  1.85800E-15  6.63505E+01  0.00000E+00  1.0E-05
  9.250E-03  6.51596E-09  1.85560E-15  6.62646E+01  0.00000E+00  1.0E-05
  9.500E-03  6.87293E-09  1.85312E-15  6.61763E+01  0.00000E+00  1.0E-05
  9.750E-03  7.23942E-09  1.85059E-15  6.60857E+01  0.00000E+00  1.0E-05
  1.000E-02  7.61544E-09  1.84800E-15  6.59932E+01  0.00000E+00  1.0E-05
  1.250E-02  1.18991E-08  1.81881E-15  6.49508E+01  0.00000E+00  1.0E-05
  1.500E-02  1.71347E-08  1.78399E-15  6.37075E+01  0.00000E+00  1.0E-05
  1.750E-02  2.33223E-08  1.74403E-15  6.22805E+01  0.00000E+00  1.0E-05
  2.000E-02  3.04617E-08  1.69946E-15  6.06887E+01  0.00000E+00  1.0E-05
  2.250E-02  3.85531E-08  1.65083E-15  5.89522E+01  0.00000E+00  1.0E-05
  2.500E-02  4.75965E-08  1.59875E-15  5.70924E+01  0.00000E+00  1.0E-05
  2.750E-02  5.75917E-08  1.54381E-15  5.51305E+01  0.00000E+00  1.0E-05
  3.000E-02  6.85389E-08  1.48662E-15  5.30881E+01  0.00000E+00  1.0E-05
  3.250E-02  8.04380E-08  1.42775E-15  5.09860E+01  0.00000E+00  1.0E-05
  3.500E-02  9.32891E-08  1.36590E-15  4.87773E+01  0.00000E+00  1.0E-05
  3.750E-02  1.07092E-07  1.30283E-15  4.65250E+01  0.00000E+00  1.0E-05
  4.000E-02  1.21847E-07  1.24285E-15  4.43829E+01  0.00000E+00  1.0E-05
  4.250E-02  1.37554E-07  1.18612E-15  4.23571E+01  0.00000E+00  1.0E-05
  4.500E-02  1.54213E-07  1.12303E-15  4.01042E+01  0.00000E+00  1.0E-05
  4.750E-02  1.71823E-07  1.06403E-15  3.79973E+01  0.00000E+00  1.0E-05
  5.000E-02  1.90386E-07  1.00911E-15  3.60360E+01  0.00000E+00  1.0E-05
  5.250E-02  2.09900E-07  9.53088E-16  3.40354E+01  0.00000E+00  1.0E-05
  5.500E-02  2.30367E-07  8.97969E-16  3.20671E+01  0.00000E+00  1.0E-05
  5.750E-02  2.51785E-07  8.47166E-16  3.02529E+01  0.00000E+00  1.0E-05
  6.000E-02  2.74156E-07  7.99112E-16  2.85368E+01  0.00000E+00  1.0E-05
  6.250E-02  2.97478E-07  7.49688E-16  2.67718E+01  0.00000E+00  1.0E-05
  6.500E-02  3.21752E-07  7.04399E-16  2.51546E+01  0.00000E+00  1.0E-05
  6.750E-02  3.46978E-07  6.62899E-16  2.36726E+01  0.00000E+00  1.0E-05
  7.000E-02  3.73156E-07  6.21084E-16  2.21793E+01  0.00000E+00  1.0E-05
  7.250E-02  4.00286E-07  5.81880E-16  2.07793E+01  0.00000E+00  1.0E-05
  7.500E-02  4.28368E-07  5.46045E-16  1.94996E+01  0.00000E+00  1.0E-05
  7.750E-02  4.57402E-07  5.11946E-16  1.82819E+01  0.00000E+00  1.0E-05
  8.000E-02  4.87388E-07  4.78769E-16  1.70971E+01  0.00000E+00  1.0E-05
  8.250E-02  5.18325E-07  4.48465E-16  1.60150E+01  0.00000E+00  1.0E-05
  8.500E-02  5.50215E-07  4.20758E-16  1.50255E+01  0.00000E+00  1.0E-05
  8.750E-02  5.83057E-07  3.93195E-16  1.40413E+01  0.00000E+00  1.0E-05
  9.000E-02  6.16850E-07  3.67967E-16  1.31404E+01  0.00000E+00  1.0E-05
  9.250E-02  6.51596E-07  3.44888E-16  1.23162E+01  0.00000E+00  1.0E-05
  9.500E-02  6.87293E-07  3.22868E-16  1.15298E+01  0.00000E+00  1.0E-05
  9.750E-02  7.23942E-07  3.02098E-16  1.07881E+01  0.00000E+00  1.0E-05
  1.000E-01  7.61543E-07  2.83072E-16  1.01087E+01  0.00000E+00  1.0E-05
  1.250E-01  1.18991E-06  1.49719E-16  5.34655E+00  0.00000E+00  1.0E-05
  1.500E-01  1.71347E-06  8.23351E-17  2.94024E+00  0.00000E+00  1.0E-05
  1.750E-01  2.33223E-06  4.70027E-17  1.67850E+00  0.00000E+00  1.0E-05
  2.000E-01  3.04617E-06  2.85963E-17  1.02119E+00  0.00000E+00  1.0E-05
  2.250E-01  3.85531E-06  1.83211E-17  6.54258E-01  0.00000E+00  1.0E-05
  2.500E-01  4.75964E-06  1.22479E-17  4.37380E-01  0.00000E+00  1.0E-05
  2.750E-01  5.75916E-06  8.48326E-18  3.02943E-01  0.00000E+00  1.0E-05
  3.000E-01  6.85388E-06  6.05419E-18  2.16199E-01  0.00000E+00  1.0E-05
  3.250E-01  8.04378E-06  4.43244E-18  1.58285E-01  0.00000E+00  1.0E-05
  3.500E-01  9.32888E-06  3.31741E-18  1.18467E-01  0.00000E+00  1.0E-05
  3.750E-01  1.07092E-05  2.53099E-18  9.03832E-02  0.00000E+00  1.0E-05
  4.000E-01  1.21846E-05  1.96380E-18  7.01287E-02  0.00000E+00  1.0E-05
  4.250E-01  1.37553E-05  1.54661E-18  5.52304E-02  0.00000E+00  1.0E-05
  4.500E-01  1.54212E-05  1.23432E-18  4.40783E-02  0.00000E+00  1.0E-05
  4.750E-01  1.71822E-05  9.96874E-19  3.55990E-02  0.00000E+00  1.0E-05
  5.000E-01  1.90385E-05  8.13781E-19  2.90606E-02  0.00000E+00  1.0E-05
  5.250E-01  2.09899E-05  6.70793E-19  2.39545E-02  0.00000E+00  1.0E-05
  5.500E-01  2.30365E-05  5.57831E-19  1.99205E-02  0.00000E+00  1.0E-05
  5.750E-01  2.51783E-05  4.67647E-19  1.67000E-02  0.00000E+00  1.0E-05
  6.000E-01  2.74153E-05  3.94951E-19  1.41039E-02  0.00000E+00  1.0E-05
  6.250E-01  2.97475E-05  3.35832E-19  1.19928E-02  0.00000E+00  1.0E-05
  6.500E-01  3.21749E-05  2.87360E-19  1.02618E-02  0.00000E+00  1.0E-05
  6.750E-01  3.46974E-05  2.47318E-19  8.83189E-03  0.00000E+00  1.0E-05
  7.000E-01  3.73152E-05  2.14008E-19  7.64235E-03  0.00000E+00  1.0E-05
  7.250E-01  4.00281E-05  1.86116E-19  6.64634E-03  0.00000E+00  1.0E-05
  7.500E-01  4.28362E-05  1.62621E-19  5.80730E-03  0.00000E+00  1.0E-05
  7.750E-01  4.57395E-05  1.42716E-19  5.09648E-03  0.00000E+00  1.0E-05
  8.000E-01  4.87380E-05  1.25763E-19  4.49109E-03  0.00000E+00  1.0E-05
  8.250E-01  5.18317E-05  1.11253E-19  3.97292E-03  0.00000E+00  1.0E-05
  8.500E-01  5.50205E-05  9.87751E-20  3.52732E-03  0.00000E+00  1.0E-05
  8.750E-01  5.83045E-05  8.79975E-20  3.14245E-03  0.00000E+00  1.0E-05
  9.000E-01  6.16838E-05  7.86498E-20  2.80863E-03  0.00000E+00  1.0E-05
  9.250E-01  6.51582E-05  7.05103E-20  2.51797E-03  0.00000E+00  1.0E-05
  9.500E-01  6.87277E-05  6.33966E-20  2.26393E-03  0.00000E+00  1.0E-05
  9.750E-01  7.23925E-05  5.71573E-20  2.04112E-03  0.00000E+00  1.0E-05
  1.000E+00  7.61524E-05  5.16667E-20  1.84505E-03  0.00000E+00  1.0E-05
  1.100E+00  9.21439E-05  3.53221E-20  1.26138E-03  0.00000E+00  1.0E-05
  1.200E+00  1.09658E-04  2.49577E-20  8.91256E-04  0.00000E+00  1.0E-05
  1.300E+00  1.28695E-04  1.81280E-20  6.47363E-04  0.00000E+00  3.3E-04
  1.400E+00  1.49255E-04  1.34854E-20  4.81572E-04  0.00000E+00  1.0E-05
  1.500E+00  1.71338E-04  1.02371E-20  3.65572E-04  0.00000E+00  1.0E-05
  1.600E+00  1.94942E-04  7.91039E-21  2.82485E-04  0.00000E+00  1.0E-05
  1.700E+00  2.20070E-04  6.20867E-21  2.21716E-04  0.00000E+00  1.0E-05
  1.800E+00  2.46720E-04  4.93970E-21  1.76400E-04  0.00000E+00  7.3E-04
  1.900E+00  2.74892E-04  3.97968E-21  1.42117E-04  0.00000E+00  4.9E-05
  2.000E+00  3.04586E-04  3.24197E-21  1.15773E-04  0.00000E+00  5.1E-04
  2.100E+00  3.35803E-04  2.66754E-21  9.52595E-05  0.00000E+00  7.9E-04
  2.200E+00  3.68542E-04  2.21484E-21  7.90934E-05  0.00000E+00  8.1E-04
  2.300E+00  4.02802E-04  1.85426E-21  6.62167E-05  0.00000E+00  6.2E-04
  2.400E+00  4.38585E-04  1.56412E-21  5.58558E-05  0.00000E+00  3.2E-04
  2.500E+00  4.75889E-04  1.32859E-21  4.74449E-05  0.00000E+00  3.7E-05
  2.600E+00  5.14715E-04  1.13576E-21  4.05589E-05  0.00000E+00  3.0E-04
  2.700E+00  5.55063E-04  9.76681E-22  3.48779E-05  0.00000E+00  4.4E-04
  2.800E+00  5.96931E-04  8.44504E-22  3.01578E-05  0.00000E+00  4.4E-04
  2.900E+00  6.40321E-04  7.33941E-22  2.62095E-05  0.00000E+00  3.3E-04
  3.000E+00  6.85233E-04  6.40899E-22  2.28869E-05  0.00000E+00  1.6E-04
  3.100E+00  7.31665E-04  5.62140E-22  2.00744E-05  0.00000E+00  4.8E-05
  3.200E+00  7.79618E-04  4.95117E-22  1.76809E-05  0.00000E+00  2.0E-04
  3.300E+00  8.29092E-04  4.37791E-22  1.56338E-05  0.00000E+00  2.7E-04
  3.400E+00  8.80086E-04  3.88525E-22  1.38745E-05  0.00000E+00  2.7E-04
  3.500E+00  9.32601E-04  3.46000E-22  1.23559E-05  0.00000E+00  2.0E-04
  3.600E+00  9.86636E-04  3.09134E-22  1.10394E-05  0.00000E+00  8.6E-05
  3.700E+00  1.04219E-03  2.77052E-22  9.89370E-06  0.00000E+00  4.7E-05
  3.800E+00  1.09927E-03  2.49024E-22  8.89283E-06  0.00000E+00  1.4E-04
  3.900E+00  1.15786E-03  2.24453E-22  8.01537E-06  0.00000E+00  1.9E-04
  4.000E+00  1.21797E-03  2.02839E-22  7.24352E-06  0.00000E+00  1.8E-04
  4.100E+00  1.27961E-03  1.83765E-22  6.56235E-06  0.00000E+00  1.3E-04
  4.200E+00  1.34276E-03  1.66881E-22  5.95942E-06  0.00000E+00  4.8E-05
  4.300E+00  1.40743E-03  1.51892E-22  5.42415E-06  0.00000E+00  4.4E-05
  4.400E+00  1.47362E-03  1.38548E-22  4.94766E-06  0.00000E+00  1.1E-04
  4.500E+00  1.54133E-03  1.26639E-22  4.52235E-06  0.00000E+00  1.3E-04
  4.600E+00  1.61056E-03  1.15981E-22  4.14176E-06  0.00000E+00  1.2E-04
  4.700E+00  1.68131E-03  1.06422E-22  3.80039E-06  0.00000E+00  8.4E-05
  4.800E+00  1.75357E-03  9.78270E-23  3.49347E-06  0.00000E+00  2.7E-05
  4.900E+00  1.82735E-03  9.00827E-23  3.21691E-06  0.00000E+00  4.0E-05
  5.000E+00  1.90265E-03  8.30896E-23  2.96718E-06  0.00000E+00  8.2E-05
  5.100E+00  1.97947E-03  7.67621E-23  2.74122E-06  0.00000E+00  9.8E-05
  5.200E+00  2.05780E-03  7.10255E-23  2.53637E-06  0.00000E+00  8.9E-05
  5.300E+00  2.13765E-03  6.58148E-23  2.35029E-06  0.00000E+00  5.8E-05
  5.400E+00  2.21902E-03  6.10734E-23  2.18097E-06  0.00000E+00  1.4E-05
  5.500E+00  2.30190E-03  5.67512E-23  2.02662E-06  0.00000E+00  3.5E-05
  5.600E+00  2.38630E-03  5.28047E-23  1.88569E-06  0.00000E+00  6.5E-05
  5.700E+00  2.47222E-03  4.91953E-23  1.75680E-06  0.00000E+00  7.5E-05
  5.800E+00  2.55965E-03  4.58890E-23  1.63873E-06  0.00000E+00  6.6E-05
  5.900E+00  2.64859E-03  4.28559E-23  1.53041E-06  0.00000E+00  4.1E-05
  6.000E+00  2.73905E-03  4.00692E-23  1.43090E-06  0.00000E+00  6.4E-06
  6.100E+00  2.83103E-03  3.75054E-23  1.33934E-06  0.00000E+00  3.2E-05
  6.200E+00  2.92452E-03  3.51433E-23  1.25499E-06  0.00000E+00  5.3E-05
  6.300E+00  3.01952E-03  3.29643E-23  1.17718E-06  0.00000E+00  5.8E-05
  6.400E+00  3.11604E-03  3.09515E-23  1.10530E-06  0.00000E+00  5.0E-05
  6.500E+00  3.21407E-03  2.90900E-23  1.03882E-06  0.00000E+00  2.9E-05
  6.600E+00  3.31362E-03  2.73664E-23  9.77272E-07  0.00000E+00  3.5E-06
  6.700E+00  3.41468E-03  2.57685E-23  9.20209E-07  0.00000E+00  2.8E-05
  6.800E+00  3.51725E-03  2.42855E-23  8.67252E-07  0.00000E+00  4.4E-05
  6.900E+00  3.62133E-03  2.29077E-23  8.18048E-07  0.00000E+00  4.6E-05
  7.000E+00  3.72692E-03  2.16262E-23  7.72284E-07  0.00000E+00  3.8E-05
  7.100E+00  3.83403E-03  2.04330E-23  7.29676E-07  0.00000E+00  2.1E-05
  7.200E+00  3.94265E-03  1.93210E-23  6.89965E-07  0.00000E+00  6.1E-06
  7.300E+00  4.05278E-03  1.82836E-23  6.52919E-07  0.00000E+00  2.5E-05
  7.400E+00  4.16442E-03  1.73149E-23  6.18325E-07  0.00000E+00  3.6E-05
  7.500E+00  4.27757E-03  1.64094E-23  5.85991E-07  0.00000E+00  3.8E-05
  7.600E+00  4.39223E-03  1.55624E-23  5.55744E-07  0.00000E+00  3.0E-05
  7.700E+00  4.50840E-03  1.47693E-23  5.27422E-07  0.00000E+00  1.5E-05
  7.800E+00  4.62608E-03  1.40261E-23  5.00881E-07  0.00000E+00  7.6E-06
  7.900E+00  4.74527E-03  1.33290E-23  4.75989E-07  0.00000E+00  2.3E-05
  8.000E+00  4.86597E-03  1.26747E-23  4.52623E-07  0.00000E+00  3.1E-05
  8.100E+00  4.98817E-03  1.20601E-23  4.30673E-07  0.00000E+00  3.1E-05
  8.200E+00  5.11188E-03  1.14822E-23  4.10037E-07  0.00000E+00  2.3E-05
  8.300E+00  5.23711E-03  1.09385E-23  3.90622E-07  0.00000E+00  1.0E-05
  8.400E+00  5.36383E-03  1.04267E-23  3.72343E-07  0.00000E+00  8.4E-06
  8.500E+00  5.49207E-03  9.94436E-24  3.55119E-07  0.00000E+00  2.0E-05
  8.600E+00  5.62181E-03  9.48961E-24  3.38880E-07  0.00000E+00  2.6E-05
  8.700E+00  5.75306E-03  9.06056E-24  3.23558E-07  0.00000E+00  2.5E-05
  8.800E+00  5.88581E-03  8.65547E-24  3.09093E-07  0.00000E+00  1.9E-05
  8.900E+00  6.02007E-03  8.27276E-24  2.95426E-07  0.00000E+00  7.0E-06
  9.000E+00  6.15583E-03  7.91097E-24  2.82506E-07  0.00000E+00  8.8E-06
  9.100E+00  6.29310E-03  7.56872E-24  2.70284E-07  0.00000E+00  1.8E-05
  9.200E+00  6.43187E-03  7.24478E-24  2.58716E-07  0.00000E+00  2.2E-05
  9.300E+00  6.57214E-03  6.93798E-24  2.47760E-07  0.00000E+00  2.1E-05
  9.400E+00  6.71392E-03  6.64724E-24  2.37377E-07  0.00000E+00  1.5E-05
  9.500E+00  6.85720E-03  6.37157E-24  2.27533E-07  0.00000E+00  4.5E-06
  9.600E+00  7.00198E-03  6.11003E-24  2.18193E-07  0.00000E+00  9.0E-06
  9.700E+00  7.14827E-03  5.86176E-24  2.09327E-07  0.00000E+00  1.7E-05
  9.800E+00  7.29605E-03  5.62598E-24  2.00907E-07  0.00000E+00  1.9E-05
  9.900E+00  7.44534E-03  5.40192E-24  1.92906E-07  0.00000E+00  1.8E-05
  1.000E+01  7.59612E-03  5.18890E-24  1.85299E-07  0.00000E+00  1.2E-05
  1.025E+01  7.97965E-03  4.70051E-24  1.67858E-07  0.00000E+00  1.4E-05
  1.050E+01  8.37255E-03  4.26822E-24  1.52421E-07  0.00000E+00  1.5E-05
  1.075E+01  8.77480E-03  3.88448E-24  1.38717E-07  0.00000E+00  1.5E-05
  1.100E+01  9.18641E-03  3.54288E-24  1.26519E-07  0.00000E+00  1.4E-05
  1.125E+01  9.60736E-03  3.23799E-24  1.15631E-07  0.00000E+00  1.4E-05
  1.150E+01  1.00376E-02  2.96519E-24  1.05889E-07  0.00000E+00  1.2E-05
  1.175E+01  1.04773E-02  2.72050E-24  9.71508E-08  0.00000E+00  1.0E-05
  1.200E+01  1.09262E-02  2.50052E-24  8.92951E-08  0.00000E+00  8.1E-06
  1.225E+01  1.13844E-02  2.30231E-24  8.22170E-08  0.00000E+00  5.7E-06
  1.250E+01  1.18520E-02  2.12334E-24  7.58259E-08  0.00000E+00  3.3E-06
  1.275E+01  1.23288E-02  1.96141E-24  7.00434E-08  0.00000E+00  1.0E-06
  1.300E+01  1.28150E-02  1.81462E-24  6.48012E-08  0.00000E+00  3.2E-06
  1.325E+01  1.33104E-02  1.68129E-24  6.00400E-08  0.00000E+00  4.9E-06
  1.350E+01  1.38150E-02  1.55997E-24  5.57076E-08  0.00000E+00  6.3E-06
  1.375E+01  1.43290E-02  1.44939E-24  5.17587E-08  0.00000E+00  7.2E-06
  1.400E+01  1.48521E-02  1.34843E-24  4.81532E-08  0.00000E+00  7.6E-06
  1.425E+01  1.53845E-02  1.25609E-24  4.48558E-08  0.00000E+00  7.6E-06
  1.450E+01  1.59262E-02  1.17152E-24  4.18356E-08  0.00000E+00  7.3E-06
  1.475E+01  1.64770E-02  1.09393E-24  3.90651E-08  0.00000E+00  6.9E-06
  1.500E+01  1.70371E-02  1.02266E-24  3.65198E-08  0.00000E+00  6.2E-06
  1.525E+01  1.76063E-02  9.57089E-25  3.41783E-08  0.00000E+00  5.2E-06
  1.550E+01  1.81848E-02  8.96683E-25  3.20211E-08  0.00000E+00  4.0E-06
  1.575E+01  1.87724E-02  8.40961E-25  3.00313E-08  0.00000E+00  2.8E-06
  1.600E+01  1.93692E-02  7.89495E-25  2.81934E-08  0.00000E+00  1.4E-06
  1.625E+01  1.99751E-02  7.41900E-25  2.64937E-08  0.00000E+00  1.2E-06
  1.650E+01  2.05901E-02  6.97833E-25  2.49201E-08  0.00000E+00  2.3E-06
  1.675E+01  2.12143E-02  6.56984E-25  2.34613E-08  0.00000E+00  3.2E-06
  1.700E+01  2.18476E-02  6.19075E-25  2.21076E-08  0.00000E+00  3.9E-06
  1.725E+01  2.24900E-02  5.83857E-25  2.08499E-08  0.00000E+00  4.4E-06
  1.750E+01  2.31415E-02  5.51103E-25  1.96803E-08  0.00000E+00  4.5E-06
  1.775E+01  2.38021E-02  5.20610E-25  1.85913E-08  0.00000E+00  4.5E-06
  1.800E+01  2.44717E-02  4.92193E-25  1.75765E-08  0.00000E+00  4.3E-06
  1.825E+01  2.51504E-02  4.65684E-25  1.66299E-08  0.00000E+00  4.1E-06
  1.850E+01  2.58382E-02  4.40933E-25  1.57460E-08  0.00000E+00  3.6E-06
  1.875E+01  2.65349E-02  4.17800E-25  1.49199E-08  0.00000E+00  3.0E-06
  1.900E+01  2.72407E-02  3.96162E-25  1.41472E-08  0.00000E+00  2.3E-06
  1.925E+01  2.79555E-02  3.75903E-25  1.34238E-08  0.00000E+00  1.5E-06
  1.950E+01  2.86793E-02  3.56920E-25  1.27459E-08  0.00000E+00  6.9E-07
  1.975E+01  2.94120E-02  3.39117E-25  1.21101E-08  0.00000E+00  1.1E-06
  2.000E+01  3.01537E-02  3.22408E-25  1.15134E-08  0.00000E+00  1.8E-06
  2.025E+01  3.09043E-02  3.06713E-25  1.09529E-08  0.00000E+00  2.3E-06
  2.050E+01  3.16639E-02  2.91958E-25  1.04260E-08  0.00000E+00  2.7E-06
  2.075E+01  3.24324E-02  2.78078E-25  9.93034E-09  0.00000E+00  2.9E-06
  2.100E+01  3.32098E-02  2.65010E-25  9.46370E-09  0.00000E+00  3.0E-06
  2.125E+01  3.39961E-02  2.52699E-25  9.02406E-09  0.00000E+00  2.9E-06
  2.150E+01  3.47912E-02  2.41093E-25  8.60959E-09  0.00000E+00  2.8E-06
  2.175E+01  3.55952E-02  2.30143E-25  8.21856E-09  0.00000E+00  2.6E-06
  2.200E+01  3.64081E-02  2.19806E-25  7.84942E-09  0.00000E+00  2.3E-06
  2.225E+01  3.72297E-02  2.10041E-25  7.50070E-09  0.00000E+00  1.9E-06
  2.250E+01  3.80602E-02  2.00810E-25  7.17107E-09  0.00000E+00  1.4E-06
  2.275E+01  3.88995E-02  1.92080E-25  6.85929E-09  0.00000E+00  8.8E-07
  2.300E+01  3.97476E-02  1.83817E-25  6.56421E-09  0.00000E+00  5.0E-07
  2.325E+01  4.06044E-02  1.75992E-25  6.28478E-09  0.00000E+00  1.0E-06
  2.350E+01  4.14700E-02  1.68577E-25  6.02000E-09  0.00000E+00  1.4E-06
  2.375E+01  4.23443E-02  1.61548E-25  5.76897E-09  0.00000E+00  1.8E-06
  2.400E+01  4.32273E-02  1.54879E-25  5.53083E-09  0.00000E+00  2.0E-06
  2.425E+01  4.41190E-02  1.48550E-25  5.30481E-09  0.00000E+00  2.1E-06
  2.450E+01  4.50194E-02  1.42539E-25  5.09017E-09  0.00000E+00  2.1E-06
  2.475E+01  4.59284E-02  1.36829E-25  4.88624E-09  0.00000E+00  2.0E-06
  2.500E+01  4.68461E-02  1.31400E-25  4.69237E-09  0.00000E+00  2.0E-06
  2.550E+01  4.87074E-02  1.21323E-25  4.33252E-09  0.00000E+00  1.6E-06
  2.600E+01  5.06030E-02  1.12190E-25  4.00637E-09  0.00000E+00  9.3E-07
  2.650E+01  5.25328E-02  1.03896E-25  3.71020E-09  0.00000E+00  5.5E-07
  2.700E+01  5.44967E-02  9.63515E-26  3.44077E-09  0.00000E+00  1.2E-06
  2.750E+01  5.64946E-02  8.94760E-26  3.19525E-09  0.00000E+00  1.5E-06
  2.800E+01  5.85262E-02  8.31999E-26  2.97112E-09  0.00000E+00  1.5E-06
  2.850E+01  6.05914E-02  7.74617E-26  2.76621E-09  0.00000E+00  1.5E-06
  2.900E+01  6.26901E-02  7.22070E-26  2.57856E-09  0.00000E+00  1.2E-06
  2.950E+01  6.48222E-02  6.73878E-26  2.40646E-09  0.00000E+00  6.4E-07
  3.000E+01  6.69873E-02  6.29617E-26  2.24840E-09  0.00000E+00  5.6E-07
  3.050E+01  6.91854E-02  5.88908E-26  2.10303E-09  0.00000E+00  1.0E-06
  3.100E+01  7.14163E-02  5.51416E-26  1.96914E-09  0.00000E+00  1.2E-06
  3.150E+01  7.36799E-02  5.16840E-26  1.84567E-09  0.00000E+00  1.2E-06
  3.200E+01  7.59760E-02  4.84914E-26  1.73166E-09  0.00000E+00  1.1E-06
  3.250E+01  7.83043E-02  4.55397E-26  1.62625E-09  0.00000E+00  8.7E-07
  3.300E+01  8.06647E-02  4.28076E-26  1.52869E-09  0.00000E+00  4.4E-07
  3.350E+01  8.30571E-02  4.02757E-26  1.43827E-09  0.00000E+00  5.6E-07
  3.400E+01  8.54812E-02  3.79268E-26  1.35439E-09  0.00000E+00  8.9E-07
  3.450E+01  8.79369E-02  3.57452E-26  1.27648E-09  0.00000E+00  1.0E-06
  3.500E+01  9.04240E-02  3.37169E-26  1.20405E-09  0.00000E+00  9.7E-07
  3.550E+01  9.29422E-02  3.18291E-26  1.13664E-09  0.00000E+00  9.1E-07
  3.600E+01  9.54915E-02  3.00705E-26  1.07384E-09  0.00000E+00  6.7E-07
  3.650E+01  9.80716E-02  2.84305E-26  1.01527E-09  0.00000E+00  3.0E-07
  3.700E+01  1.00682E-01  2.68996E-26  9.60603E-10  0.00000E+00  5.6E-07
  3.750E+01  1.03323E-01  2.54694E-26  9.09530E-10  0.00000E+00  7.9E-07
  3.800E+01  1.05995E-01  2.41320E-26  8.61770E-10  0.00000E+00  8.4E-07
  3.850E+01  1.08696E-01  2.28803E-26  8.17071E-10  0.00000E+00  8.2E-07
  3.900E+01  1.11427E-01  2.17078E-26  7.75201E-10  0.00000E+00  7.4E-07
  3.950E+01  1.14188E-01  2.06086E-26  7.35947E-10  0.00000E+00  5.2E-07
  4.000E+01  1.16978E-01  1.95773E-26  6.99118E-10  0.00000E+00  2.6E-07
  4.050E+01  1.19797E-01  1.86089E-26  6.64536E-10  0.00000E+00  5.5E-07
  4.100E+01  1.22645E-01  1.76989E-26  6.32040E-10  0.00000E+00  7.0E-07
  4.150E+01  1.25522E-01  1.68432E-26  6.01480E-10  0.00000E+00  7.0E-07
  4.200E+01  1.28428E-01  1.60378E-26  5.72720E-10  0.00000E+00  7.1E-07
  4.250E+01  1.31361E-01  1.52793E-26  5.45635E-10  0.00000E+00  6.1E-07
  4.300E+01  1.34323E-01  1.45646E-26  5.20110E-10  0.00000E+00  4.0E-07
  4.350E+01  1.37313E-01  1.38905E-26  4.96039E-10  0.00000E+00  3.1E-07
  4.400E+01  1.40330E-01  1.32544E-26  4.73323E-10  0.00000E+00  5.3E-07
  4.450E+01  1.43375E-01  1.26537E-26  4.51873E-10  0.00000E+00  6.3E-07
  4.500E+01  1.46447E-01  1.20862E-26  4.31606E-10  0.00000E+00  5.9E-07
  4.550E+01  1.49545E-01  1.15496E-26  4.12444E-10  0.00000E+00  6.1E-07
  4.600E+01  1.52671E-01  1.10420E-26  3.94315E-10  0.00000E+00  5.0E-07
  4.650E+01  1.55823E-01  1.05614E-26  3.77156E-10  0.00000E+00  3.0E-07
  4.700E+01  1.59001E-01  1.01063E-26  3.60902E-10  0.00000E+00  3.5E-07
  4.750E+01  1.62205E-01  9.67499E-27  3.45500E-10  0.00000E+00  5.1E-07
  4.800E+01  1.65435E-01  9.26601E-27  3.30895E-10  0.00000E+00  5.6E-07
  4.850E+01  1.68690E-01  8.87801E-27  3.17040E-10  0.00000E+00  5.4E-07
  4.900E+01  1.71970E-01  8.50972E-27  3.03888E-10  0.00000E+00  5.3E-07
  4.950E+01  1.75276E-01  8.15995E-27  2.91397E-10  0.00000E+00  4.1E-07
  5.000E+01  1.78606E-01  7.82759E-27  2.79528E-10  0.00000E+00  2.1E-07
  5.050E+01  1.81961E-01  7.51164E-27  2.68245E-10  0.00000E+00  3.7E-07
  5.100E+01  1.85340E-01  7.21112E-27  2.57514E-10  0.00000E+00  4.8E-07
  5.150E+01  1.88743E-01  6.92516E-27  2.47302E-10  0.00000E+00  4.9E-07
  5.200E+01  1.92169E-01  6.65291E-27  2.37580E-10  0.00000E+00  4.9E-07
  5.250E+01  1.95619E-01  6.39360E-27  2.28320E-10  0.00000E+00  4.5E-07
  5.300E+01  1.99092E-01  6.14650E-27  2.19495E-10  0.00000E+00  3.3E-07
  5.350E+01  2.02589E-01  5.91094E-27  2.11084E-10  0.00000E+00  2.2E-07
  5.400E+01  2.06107E-01  5.68628E-27  2.03061E-10  0.00000E+00  3.7E-07
  5.450E+01  2.09649E-01  5.47192E-27  1.95406E-10  0.00000E+00  4.4E-07
  5.500E+01  2.13212E-01  5.26730E-27  1.88099E-10  0.00000E+00  4.1E-07
  5.550E+01  2.16797E-01  5.07190E-27  1.81121E-10  0.00000E+00  4.4E-07
  5.600E+01  2.20404E-01  4.88524E-27  1.74455E-10  0.00000E+00  3.9E-07
  5.650E+01  2.24032E-01  4.70685E-27  1.68085E-10  0.00000E+00  2.5E-07
  5.700E+01  2.27680E-01  4.53629E-27  1.61994E-10  0.00000E+00  2.5E-07
  5.750E+01  2.31350E-01  4.37317E-27  1.56169E-10  0.00000E+00  3.7E-07
  5.800E+01  2.35040E-01  4.21710E-27  1.50595E-10  0.00000E+00  4.0E-07
  5.850E+01  2.38751E-01  4.06771E-27  1.45261E-10  0.00000E+00  3.7E-07
  5.900E+01  2.42481E-01  3.92468E-27  1.40153E-10  0.00000E+00  3.9E-07
  5.950E+01  2.46231E-01  3.78768E-27  1.35261E-10  0.00000E+00  3.2E-07
  6.000E+01  2.50000E-01  3.65641E-27  1.30573E-10  0.00000E+00  1.9E-07
  6.050E+01  2.53788E-01  3.53059E-27  1.26080E-10  0.00000E+00  2.7E-07
  6.100E+01  2.57595E-01  3.40995E-27  1.21772E-10  0.00000E+00  3.5E-07
  6.150E+01  2.61421E-01  3.29424E-27  1.17640E-10  0.00000E+00  3.5E-07
  6.200E+01  2.65264E-01  3.18324E-27  1.13675E-10  0.00000E+00  3.5E-07
  6.250E+01  2.69126E-01  3.07669E-27  1.09871E-10  0.00000E+00  3.4E-07
  6.300E+01  2.73005E-01  2.97440E-27  1.06218E-10  0.00000E+00  2.6E-07
  6.350E+01  2.76901E-01  2.87617E-27  1.02710E-10  0.00000E+00  1.7E-07
  6.400E+01  2.80814E-01  2.78181E-27  9.93402E-11  0.00000E+00  2.8E-07
  6.450E+01  2.84744E-01  2.69113E-27  9.61021E-11  0.00000E+00  3.2E-07
  6.500E+01  2.88691E-01  2.60397E-27  9.29896E-11  0.00000E+00  2.9E-07
  6.550E+01  2.92653E-01  2.52017E-27  8.99967E-11  0.00000E+00  3.1E-07
  6.600E+01  2.96632E-01  2.43956E-27  8.71184E-11  0.00000E+00  2.9E-07
  6.650E+01  3.00625E-01  2.36202E-27  8.43494E-11  0.00000E+00  2.0E-07
  6.700E+01  3.04634E-01  2.28740E-27  8.16846E-11  0.00000E+00  1.9E-07
  6.750E+01  3.08658E-01  2.21558E-27  7.91198E-11  0.00000E+00  2.7E-07
  6.800E+01  3.12697E-01  2.14642E-27  7.66502E-11  0.00000E+00  2.8E-07
  6.850E+01  3.16749E-01  2.07982E-27  7.42718E-11  0.00000E+00  2.6E-07
  6.900E+01  3.20816E-01  2.01566E-27  7.19806E-11  0.00000E+00  2.8E-07
  6.950E+01  3.24896E-01  1.95384E-27  6.97728E-11  0.00000E+00  2.4E-07
  7.000E+01  3.28990E-01  1.89425E-27  6.76449E-11  0.00000E+00  1.5E-07
  7.050E+01  3.33097E-01  1.83681E-27  6.55936E-11  0.00000E+00  2.0E-07
  7.100E+01  3.37216E-01  1.78141E-27  6.36155E-11  0.00000E+00  2.5E-07
  7.150E+01  3.41348E-01  1.72798E-27  6.17074E-11  0.00000E+00  2.4E-07
  7.200E+01  3.45492E-01  1.67643E-27  5.98666E-11  0.00000E+00  2.3E-07
  7.250E+01  3.49647E-01  1.62669E-27  5.80902E-11  0.00000E+00  2.4E-07
  7.300E+01  3.53814E-01  1.57868E-27  5.63757E-11  0.00000E+00  2.0E-07
  7.350E+01  3.57992E-01  1.53233E-27  5.47204E-11  0.00000E+00  1.2E-07
  7.400E+01  3.62181E-01  1.48757E-27  5.31220E-11  0.00000E+00  1.9E-07
  7.450E+01  3.66381E-01  1.44434E-27  5.15782E-11  0.00000E+00  2.2E-07
  7.500E+01  3.70590E-01  1.40257E-27  5.00866E-11  0.00000E+00  2.0E-07
  7.550E+01  3.74810E-01  1.36221E-27  4.86455E-11  0.00000E+00  2.1E-07
  7.600E+01  3.79039E-01  1.32321E-27  4.72525E-11  0.00000E+00  2.0E-07
  7.650E+01  3.83277E-01  1.28550E-27  4.59060E-11  0.00000E+00  1.6E-07
  7.700E+01  3.87524E-01  1.24904E-27  4.46040E-11  0.00000E+00  1.3E-07
  7.750E+01  3.91780E-01  1.21378E-27  4.33450E-11  0.00000E+00  1.8E-07
  7.800E+01  3.96044E-01  1.17968E-27  4.21271E-11  0.00000E+00  1.9E-07
  7.850E+01  4.00316E-01  1.14668E-27  4.09488E-11  0.00000E+00  1.6E-07
  7.900E+01  4.04596E-01  1.11475E-27  3.98085E-11  0.00000E+00  1.8E-07
  7.950E+01  4.08882E-01  1.08385E-27  3.87051E-11  0.00000E+00  1.7E-07
  8.000E+01  4.13176E-01  1.05394E-27  3.76368E-11  0.00000E+00  1.3E-07
  8.050E+01  4.17476E-01  1.02497E-27  3.66025E-11  0.00000E+00  1.2E-07
  8.100E+01  4.21783E-01  9.96927E-28  3.56009E-11  0.00000E+00  1.6E-07
  8.150E+01  4.26095E-01  9.69758E-28  3.46307E-11  0.00000E+00  1.6E-07
  8.200E+01  4.30413E-01  9.43441E-28  3.36909E-11  0.00000E+00  1.3E-07
  8.250E+01  4.34737E-01  9.17940E-28  3.27802E-11  0.00000E+00  1.5E-07
  8.300E+01  4.39065E-01  8.93231E-28  3.18978E-11  0.00000E+00  1.4E-07
  8.350E+01  4.43398E-01  8.69278E-28  3.10425E-11  0.00000E+00  1.0E-07
  8.400E+01  4.47736E-01  8.46059E-28  3.02133E-11  0.00000E+00  1.1E-07
  8.450E+01  4.52077E-01  8.23544E-28  2.94093E-11  0.00000E+00  1.4E-07
  8.500E+01  4.56422E-01  8.01714E-28  2.86297E-11  0.00000E+00  1.4E-07
  8.550E+01  4.60770E-01  7.80537E-28  2.78735E-11  0.00000E+00  1.1E-07
  8.600E+01  4.65122E-01  7.59996E-28  2.71400E-11  0.00000E+00  1.3E-07
  8.650E+01  4.69476E-01  7.40065E-28  2.64282E-11  0.00000E+00  1.2E-07
  8.700E+01  4.73832E-01  7.20724E-28  2.57375E-11  0.00000E+00  1.0E-07
  8.750E+01  4.78190E-01  7.01955E-28  2.50673E-11  0.00000E+00  1.0E-07
  8.800E+01  4.82550E-01  6.83735E-28  2.44166E-11  0.00000E+00  1.2E-07
  8.850E+01  4.86912E-01  6.66047E-28  2.37850E-11  0.00000E+00  1.2E-07
  8.900E+01  4.91274E-01  6.48871E-28  2.31716E-11  0.00000E+00  1.0E-07
  8.950E+01  4.95637E-01  6.32194E-28  2.25760E-11  0.00000E+00  1.1E-07
  9.000E+01  5.00000E-01  6.15995E-28  2.19976E-11  0.00000E+00  1.1E-07
  9.050E+01  5.04363E-01  6.00258E-28  2.14356E-11  0.00000E+00  1.0E-07
  9.100E+01  5.08726E-01  5.84969E-28  2.08896E-11  0.00000E+00  1.0E-07
  9.150E+01  5.13088E-01  5.70116E-28  2.03592E-11  0.00000E+00  1.0E-07
  9.200E+01  5.17450E-01  5.55678E-28  1.98436E-11  0.00000E+00  1.1E-07
  9.250E+01  5.21810E-01  5.41648E-28  1.93426E-11  0.00000E+00  1.0E-07
  9.300E+01  5.26168E-01  5.28008E-28  1.88555E-11  0.00000E+00  1.0E-07
  9.350E+01  5.30524E-01  5.14747E-28  1.83820E-11  0.00000E+00  1.1E-07
  9.400E+01  5.34878E-01  5.01851E-28  1.79214E-11  0.00000E+00  1.1E-07
  9.450E+01  5.39230E-01  4.89314E-28  1.74737E-11  0.00000E+00  1.0E-07
  9.500E+01  5.43578E-01  4.77118E-28  1.70382E-11  0.00000E+00  1.0E-07
  9.550E+01  5.47923E-01  4.65255E-28  1.66146E-11  0.00000E+00  1.2E-07
  9.600E+01  5.52264E-01  4.53715E-28  1.62025E-11  0.00000E+00  1.2E-07
  9.650E+01  5.56602E-01  4.42486E-28  1.58015E-11  0.00000E+00  1.0E-07
  9.700E+01  5.60935E-01  4.31560E-28  1.54113E-11  0.00000E+00  1.3E-07
  9.750E+01  5.65263E-01  4.20929E-28  1.50316E-11  0.00000E+00  1.3E-07
  9.800E+01  5.69587E-01  4.10578E-28  1.46620E-11  0.00000E+00  1.1E-07
  9.850E+01  5.73905E-01  4.00504E-28  1.43023E-11  0.00000E+00  1.2E-07
  9.900E+01  5.78217E-01  3.90696E-28  1.39520E-11  0.00000E+00  1.5E-07
  9.950E+01  5.82524E-01  3.81146E-28  1.36110E-11  0.00000E+00  1.5E-07
  1.000E+02  5.86824E-01  3.71847E-28  1.32789E-11  0.00000E+00  1.2E-07
  1.005E+02  5.91118E-01  3.62791E-28  1.29555E-11  0.00000E+00  1.5E-07
  1.010E+02  5.95404E-01  3.53970E-28  1.26405E-11  0.00000E+00  1.6E-07
  1.015E+02  5.99684E-01  3.45378E-28  1.23337E-11  0.00000E+00  1.4E-07
  1.020E+02  6.03956E-01  3.37008E-28  1.20348E-11  0.00000E+00  1.5E-07
  1.025E+02  6.08220E-01  3.28855E-28  1.17436E-11  0.00000E+00  1.8E-07
  1.030E+02  6.12476E-01  3.20907E-28  1.14598E-11  0.00000E+00  1.8E-07
  1.035E+02  6.16723E-01  3.13162E-28  1.11832E-11  0.00000E+00  1.5E-07
  1.040E+02  6.20961E-01  3.05616E-28  1.09137E-11  0.00000E+00  1.9E-07
  1.045E+02  6.25190E-01  2.98261E-28  1.06511E-11  0.00000E+00  2.0E-07
  1.050E+02  6.29410E-01  2.91089E-28  1.03950E-11  0.00000E+00  1.7E-07
  1.055E+02  6.33619E-01  2.84098E-28  1.01453E-11  0.00000E+00  1.9E-07
  1.060E+02  6.37819E-01  2.77282E-28  9.90190E-12  0.00000E+00  2.3E-07
  1.065E+02  6.42008E-01  2.70636E-28  9.66458E-12  0.00000E+00  2.1E-07
  1.070E+02  6.46186E-01  2.64154E-28  9.43310E-12  0.00000E+00  2.0E-07
  1.075E+02  6.50353E-01  2.57834E-28  9.20743E-12  0.00000E+00  2.5E-07
  1.080E+02  6.54508E-01  2.51668E-28  8.98724E-12  0.00000E+00  2.5E-07
  1.085E+02  6.58652E-01  2.45655E-28  8.77251E-12  0.00000E+00  1.9E-07
  1.090E+02  6.62784E-01  2.39789E-28  8.56301E-12  0.00000E+00  2.5E-07
  1.095E+02  6.66903E-01  2.34066E-28  8.35865E-12  0.00000E+00  2.8E-07
  1.100E+02  6.71010E-01  2.28481E-28  8.15921E-12  0.00000E+00  2.4E-07
  1.105E+02  6.75104E-01  2.23032E-28  7.96462E-12  0.00000E+00  2.6E-07
  1.110E+02  6.79184E-01  2.17714E-28  7.77469E-12  0.00000E+00  3.1E-07
  1.115E+02  6.83251E-01  2.12525E-28  7.58940E-12  0.00000E+00  2.9E-07
  1.120E+02  6.87303E-01  2.07459E-28  7.40849E-12  0.00000E+00  2.5E-07
  1.125E+02  6.91342E-01  2.02516E-28  7.23196E-12  0.00000E+00  3.2E-07
  1.130E+02  6.95366E-01  1.97689E-28  7.05960E-12  0.00000E+00  3.3E-07
  1.135E+02  6.99375E-01  1.92977E-28  6.89134E-12  0.00000E+00  2.6E-07
  1.140E+02  7.03368E-01  1.88376E-28  6.72704E-12  0.00000E+00  3.3E-07
  1.145E+02  7.07347E-01  1.83884E-28  6.56663E-12  0.00000E+00  3.7E-07
  1.150E+02  7.11309E-01  1.79498E-28  6.40999E-12  0.00000E+00  3.2E-07
  1.155E+02  7.15256E-01  1.75215E-28  6.25704E-12  0.00000E+00  3.4E-07
  1.160E+02  7.19186E-01  1.71032E-28  6.10767E-12  0.00000E+00  4.0E-07
  1.165E+02  7.23099E-01  1.66947E-28  5.96179E-12  0.00000E+00  3.6E-07
  1.170E+02  7.26995E-01  1.62957E-28  5.81929E-12  0.00000E+00  3.2E-07
  1.175E+02  7.30874E-01  1.59059E-28  5.68010E-12  0.00000E+00  4.2E-07
  1.180E+02  7.34736E-01  1.55251E-28  5.54412E-12  0.00000E+00  4.3E-07
  1.185E+02  7.38579E-01  1.51532E-28  5.41129E-12  0.00000E+00  3.4E-07
  1.190E+02  7.42405E-01  1.47897E-28  5.28151E-12  0.00000E+00  4.4E-07
  1.195E+02  7.46212E-01  1.44346E-28  5.15470E-12  0.00000E+00  4.6E-07
  1.200E+02  7.50000E-01  1.40877E-28  5.03081E-12  0.00000E+00  3.8E-07
  1.205E+02  7.53769E-01  1.37487E-28  4.90975E-12  0.00000E+00  4.3E-07
  1.210E+02  7.57519E-01  1.34174E-28  4.79143E-12  0.00000E+00  5.1E-07
  1.215E+02  7.61249E-01  1.30936E-28  4.67581E-12  0.00000E+00  4.8E-07
  1.220E+02  7.64960E-01  1.27771E-28  4.56278E-12  0.00000E+00  4.4E-07
  1.225E+02  7.68650E-01  1.24678E-28  4.45233E-12  0.00000E+00  5.4E-07
  1.230E+02  7.72320E-01  1.21655E-28  4.34438E-12  0.00000E+00  5.2E-07
  1.235E+02  7.75968E-01  1.18701E-28  4.23889E-12  0.00000E+00  3.8E-07
  1.240E+02  7.79596E-01  1.15812E-28  4.13573E-12  0.00000E+00  5.5E-07
  1.245E+02  7.83203E-01  1.12988E-28  4.03488E-12  0.00000E+00  6.0E-07
  1.250E+02  7.86788E-01  1.10228E-28  3.93631E-12  0.00000E+00  5.1E-07
  1.255E+02  7.90351E-01  1.07530E-28  3.83996E-12  0.00000E+00  5.8E-07
  1.260E+02  7.93893E-01  1.04890E-28  3.74569E-12  0.00000E+00  6.3E-07
  1.265E+02  7.97411E-01  1.02312E-28  3.65361E-12  0.00000E+00  5.4E-07
  1.270E+02  8.00908E-01  9.97889E-29  3.56353E-12  0.00000E+00  5.3E-07
  1.275E+02  8.04381E-01  9.73231E-29  3.47547E-12  0.00000E+00  6.8E-07
  1.280E+02  8.07831E-01  9.49113E-29  3.38935E-12  0.00000E+00  6.7E-07
  1.285E+02  8.11257E-01  9.25536E-29  3.30515E-12  0.00000E+00  5.7E-07
  1.290E+02  8.14660E-01  9.02472E-29  3.22279E-12  0.00000E+00  7.2E-07
  1.295E+02  8.18039E-01  8.79927E-29  3.14228E-12  0.00000E+00  7.1E-07
  1.300E+02  8.21394E-01  8.57867E-29  3.06350E-12  0.00000E+00  5.3E-07
  1.305E+02  8.24724E-01  8.36303E-29  2.98649E-12  0.00000E+00  7.0E-07
  1.310E+02  8.28030E-01  8.15206E-29  2.91116E-12  0.00000E+00  8.0E-07
  1.315E+02  8.31310E-01  7.94583E-29  2.83751E-12  0.00000E+00  7.3E-07
  1.320E+02  8.34565E-01  7.74407E-29  2.76546E-12  0.00000E+00  7.6E-07
  1.325E+02  8.37795E-01  7.54679E-29  2.69501E-12  0.00000E+00  8.5E-07
  1.330E+02  8.40999E-01  7.35380E-29  2.62609E-12  0.00000E+00  7.5E-07
  1.335E+02  8.44177E-01  7.16505E-29  2.55869E-12  0.00000E+00  6.6E-07
  1.340E+02  8.47329E-01  6.98052E-29  2.49279E-12  0.00000E+00  8.9E-07
  1.345E+02  8.50455E-01  6.79988E-29  2.42828E-12  0.00000E+00  9.2E-07
  1.350E+02  8.53553E-01  6.62334E-29  2.36524E-12  0.00000E+00  7.4E-07
  1.355E+02  8.56625E-01  6.45059E-29  2.30355E-12  0.00000E+00  9.6E-07
  1.360E+02  8.59670E-01  6.28168E-29  2.24323E-12  0.00000E+00  9.6E-07
  1.365E+02  8.62687E-01  6.11650E-29  2.18424E-12  0.00000E+00  7.5E-07
  1.370E+02  8.65677E-01  5.95497E-29  2.12656E-12  0.00000E+00  9.0E-07
  1.375E+02  8.68639E-01  5.79698E-29  2.07014E-12  0.00000E+00  1.1E-06
  1.380E+02  8.71572E-01  5.64236E-29  2.01492E-12  0.00000E+00  1.0E-06
  1.385E+02  8.74478E-01  5.49124E-29  1.96096E-12  0.00000E+00  1.0E-06
  1.390E+02  8.77355E-01  5.34338E-29  1.90816E-12  0.00000E+00  1.1E-06
  1.395E+02  8.80203E-01  5.19888E-29  1.85655E-12  0.00000E+00  1.0E-06
  1.400E+02  8.83022E-01  5.05752E-29  1.80607E-12  0.00000E+00  8.3E-07
  1.405E+02  8.85812E-01  4.91928E-29  1.75671E-12  0.00000E+00  1.2E-06
  1.410E+02  8.88573E-01  4.78410E-29  1.70843E-12  0.00000E+00  1.3E-06
  1.415E+02  8.91304E-01  4.65185E-29  1.66121E-12  0.00000E+00  1.0E-06
  1.420E+02  8.94005E-01  4.52276E-29  1.61511E-12  0.00000E+00  1.3E-06
  1.425E+02  8.96677E-01  4.39636E-29  1.56997E-12  0.00000E+00  1.3E-06
  1.430E+02  8.99318E-01  4.27279E-29  1.52584E-12  0.00000E+00  1.1E-06
  1.435E+02  9.01928E-01  4.15210E-29  1.48274E-12  0.00000E+00  1.2E-06
  1.440E+02  9.04508E-01  4.03402E-29  1.44058E-12  0.00000E+00  1.4E-06
  1.445E+02  9.07058E-01  3.91863E-29  1.39937E-12  0.00000E+00  1.4E-06
  1.450E+02  9.09576E-01  3.80590E-29  1.35911E-12  0.00000E+00  1.3E-06
  1.455E+02  9.12063E-01  3.69571E-29  1.31976E-12  0.00000E+00  1.6E-06
  1.460E+02  9.14519E-01  3.58791E-29  1.28126E-12  0.00000E+00  1.5E-06
  1.465E+02  9.16943E-01  3.48270E-29  1.24370E-12  0.00000E+00  1.1E-06
  1.470E+02  9.19335E-01  3.37989E-29  1.20698E-12  0.00000E+00  1.6E-06
  1.475E+02  9.21696E-01  3.27946E-29  1.17112E-12  0.00000E+00  1.7E-06
  1.480E+02  9.24024E-01  3.18132E-29  1.13607E-12  0.00000E+00  1.5E-06
  1.485E+02  9.26320E-01  3.08548E-29  1.10185E-12  0.00000E+00  1.7E-06
  1.490E+02  9.28584E-01  2.99189E-29  1.06842E-12  0.00000E+00  1.8E-06
  1.495E+02  9.30815E-01  2.90048E-29  1.03578E-12  0.00000E+00  1.5E-06
  1.500E+02  9.33013E-01  2.81122E-29  1.00391E-12  0.00000E+00  1.6E-06
  1.505E+02  9.35178E-01  2.72416E-29  9.72817E-13  0.00000E+00  2.0E-06
  1.510E+02  9.37310E-01  2.63916E-29  9.42460E-13  0.00000E+00  2.0E-06
  1.515E+02  9.39409E-01  2.55618E-29  9.12827E-13  0.00000E+00  1.7E-06
  1.520E+02  9.41474E-01  2.47522E-29  8.83916E-13  0.00000E+00  2.2E-06
  1.525E+02  9.43505E-01  2.39627E-29  8.55722E-13  0.00000E+00  2.1E-06
  1.530E+02  9.45503E-01  2.31927E-29  8.28228E-13  0.00000E+00  1.5E-06
  1.535E+02  9.47467E-01  2.24412E-29  8.01389E-13  0.00000E+00  2.2E-06
  1.540E+02  9.49397E-01  2.17092E-29  7.75248E-13  0.00000E+00  2.4E-06
  1.545E+02  9.51293E-01  2.09963E-29  7.49790E-13  0.00000E+00  2.1E-06
  1.550E+02  9.53154E-01  2.03010E-29  7.24963E-13  0.00000E+00  2.4E-06
  1.555E+02  9.54981E-01  1.96239E-29  7.00781E-13  0.00000E+00  2.6E-06
  1.560E+02  9.56773E-01  1.89644E-29  6.77233E-13  0.00000E+00  2.3E-06
  1.565E+02  9.58530E-01  1.83227E-29  6.54314E-13  0.00000E+00  2.3E-06
  1.570E+02  9.60252E-01  1.76979E-29  6.32003E-13  0.00000E+00  2.9E-06
  1.575E+02  9.61940E-01  1.70904E-29  6.10308E-13  0.00000E+00  2.8E-06
  1.580E+02  9.63592E-01  1.64990E-29  5.89188E-13  0.00000E+00  2.3E-06
  1.585E+02  9.65209E-01  1.59243E-29  5.68666E-13  0.00000E+00  3.1E-06
  1.590E+02  9.66790E-01  1.53659E-29  5.48728E-13  0.00000E+00  3.1E-06
  1.595E+02  9.68336E-01  1.48233E-29  5.29350E-13  0.00000E+00  2.5E-06
  1.600E+02  9.69846E-01  1.42968E-29  5.10548E-13  0.00000E+00  3.2E-06
  1.605E+02  9.71321E-01  1.37852E-29  4.92278E-13  0.00000E+00  3.6E-06
  1.610E+02  9.72759E-01  1.32896E-29  4.74580E-13  0.00000E+00  3.0E-06
  1.615E+02  9.74162E-01  1.28092E-29  4.57426E-13  0.00000E+00  3.3E-06
  1.620E+02  9.75528E-01  1.23431E-29  4.40781E-13  0.00000E+00  3.9E-06
  1.625E+02  9.76858E-01  1.18929E-29  4.24704E-13  0.00000E+00  3.7E-06
  1.630E+02  9.78152E-01  1.14563E-29  4.09111E-13  0.00000E+00  3.6E-06
  1.635E+02  9.79410E-01  1.10350E-29  3.94067E-13  0.00000E+00  4.4E-06
  1.640E+02  9.80631E-01  1.06274E-29  3.79511E-13  0.00000E+00  4.2E-06
  1.645E+02  9.81815E-01  1.02341E-29  3.65467E-13  0.00000E+00  3.1E-06
  1.650E+02  9.82963E-01  9.85458E-30  3.51914E-13  0.00000E+00  4.5E-06
  1.655E+02  9.84074E-01  9.48899E-30  3.38858E-13  0.00000E+00  5.0E-06
  1.660E+02  9.85148E-01  9.13682E-30  3.26282E-13  0.00000E+00  4.5E-06
  1.665E+02  9.86185E-01  8.79797E-30  3.14181E-13  0.00000E+00  5.3E-06
  1.670E+02  9.87185E-01  8.47306E-30  3.02578E-13  0.00000E+00  5.5E-06
  1.675E+02  9.88148E-01  8.16164E-30  2.91458E-13  0.00000E+00  4.4E-06
  1.680E+02  9.89074E-01  7.86343E-30  2.80808E-13  0.00000E+00  4.6E-06
  1.685E+02  9.89962E-01  7.57724E-30  2.70588E-13  0.00000E+00  6.2E-06
  1.690E+02  9.90814E-01  7.30486E-30  2.60861E-13  0.00000E+00  6.6E-06
  1.695E+02  9.91627E-01  7.04528E-30  2.51592E-13  0.00000E+00  6.4E-06
  1.700E+02  9.92404E-01  6.79812E-30  2.42765E-13  0.00000E+00  7.3E-06
  1.705E+02  9.93143E-01  6.56378E-30  2.34397E-13  0.00000E+00  6.4E-06
  1.710E+02  9.93844E-01  6.34205E-30  2.26479E-13  0.00000E+00  3.8E-06
  1.715E+02  9.94508E-01  6.13299E-30  2.19013E-13  0.00000E+00  6.7E-06
  1.720E+02  9.95134E-01  5.93601E-30  2.11979E-13  0.00000E+00  8.6E-06
  1.725E+02  9.95722E-01  5.75123E-30  2.05380E-13  0.00000E+00  8.8E-06
  1.730E+02  9.96273E-01  5.57822E-30  1.99202E-13  0.00000E+00  9.7E-06
  1.735E+02  9.96786E-01  5.41854E-30  1.93500E-13  0.00000E+00  9.2E-06
  1.740E+02  9.97261E-01  5.27003E-30  1.88196E-13  0.00000E+00  6.2E-06
  1.745E+02  9.97698E-01  5.13448E-30  1.83356E-13  0.00000E+00  5.8E-06
  1.750E+02  9.98097E-01  5.01022E-30  1.78918E-13  0.00000E+00  1.0E-05
  1.755E+02  9.98459E-01  4.89836E-30  1.74924E-13  0.00000E+00  1.3E-05
  1.760E+02  9.98782E-01  4.79800E-30  1.71340E-13  0.00000E+00  1.4E-05
  1.765E+02  9.99067E-01  4.70991E-30  1.68194E-13  0.00000E+00  1.4E-05
  1.770E+02  9.99315E-01  4.63324E-30  1.65456E-13  0.00000E+00  1.1E-05
  1.775E+02  9.99524E-01  4.56904E-30  1.63163E-13  0.00000E+00  3.5E-06
  1.780E+02  9.99695E-01  4.51561E-30  1.61255E-13  0.00000E+00  1.1E-05
  1.785E+02  9.99829E-01  4.47474E-30  1.59796E-13  0.00000E+00  2.0E-05
  1.790E+02  9.99924E-01  4.44525E-30  1.58743E-13  0.00000E+00  2.9E-05
  1.795E+02  9.99981E-01  4.42823E-30  1.58135E-13  0.00000E+00  3.9E-05
  1.800E+02  1.00000E+00  4.42445E-30  1.58000E-13  0.00000E+00  1.9E-04
