 #
 # Subroutine ELSEPA. Elastic scattering of electrons and positrons
 #                    by neutral atoms and positive ions
 #
 # Projectile: electron
 # Kinetic energy = 3.70000E+06 eV = 1.35973E+05 a.u.
 #
 # WARNING: High-energy factorization with free-atom DF screening.
 #          Absorption, polarization and exchange corrections are
 #          switched off.
 #          Phase shifts are calculated for the bare nucleus.
 #          Scattering amplitudes are not evaluated.
 #
 # Element: He,  Z =   2,  atomic weight = 4.00260E+00 g/mol
 #
 # Nuclear model: Fermi distribution
 #                Average radius = 1.69889E-13 cm
 #                Skin thickness = 5.46000E-14 cm
 #
 # Number of electrons =  2
 #
 # Total elastic cross section = 1.66994E-20 cm**2 = 5.96348E-04 a0**2
 # 1st transport cross section = 3.70057E-25 cm**2 = 1.32150E-08 a0**2
 # 2nd transport cross section = 1.06344E-24 cm**2 = 3.79763E-08 a0**2
 #
 #
 # Differential cross section:                       MU=(1-COS(THETA))/2
 #
 #  THETA        MU          DCS          DCS        Sherman      error
 #  (deg)                 (cm**2/sr)   (a0**2/sr)    function
 #----------------------------------------------------------------------
  0.000E+00  0.00000E+00  1.18466E-15  4.23049E+01  0.00000E+00  1.0E-05
  1.000E-04  7.61557E-13  1.18466E-15  4.23049E+01  0.00000E+00  1.0E-05
  1.250E-04  1.18994E-12  1.18466E-15  4.23048E+01  0.00000E+00  1.0E-05
  1.500E-04  1.71346E-12  1.18466E-15  4.23048E+01  0.00000E+00  1.0E-05
  1.750E-04  2.33225E-12  1.18465E-15  4.23048E+01  0.00000E+00  1.0E-05
  2.000E-04  3.04617E-12  1.18465E-15  4.23047E+01  0.00000E+00  1.0E-05
  2.250E-04  3.85530E-12  1.18465E-15  4.23047E+01  0.00000E+00  1.0E-05
  2.500E-04  4.75964E-12  1.18465E-15  4.23046E+01  0.00000E+00  1.0E-05
  2.750E-04  5.75917E-12  1.18465E-15  4.23045E+01  0.00000E+00  1.0E-05
  3.000E-04  6.85391E-12  1.18465E-15  4.23045E+01  0.00000E+00  1.0E-05
  3.250E-04  8.04379E-12  1.18464E-15  4.23044E+01  0.00000E+00  1.0E-05
  3.500E-04  9.32893E-12  1.18464E-15  4.23043E+01  0.00000E+00  1.0E-05
  3.750E-04  1.07092E-11  1.18464E-15  4.23042E+01  0.00000E+00  1.0E-05
  4.000E-04  1.21847E-11  1.18463E-15  4.23041E+01  0.00000E+00  1.0E-05
  4.250E-04  1.37554E-11  1.18463E-15  4.23040E+01  0.00000E+00  1.0E-05
  4.500E-04  1.54213E-11  1.18463E-15  4.23039E+01  0.00000E+00  1.0E-05
  4.750E-04  1.71823E-11  1.18463E-15  4.23037E+01  0.00000E+00  1.0E-05
  5.000E-04  1.90386E-11  1.18462E-15  4.23036E+01  0.00000E+00  1.0E-05
  5.250E-04  2.09900E-11  1.18462E-15  4.23035E+01  0.00000E+00  1.0E-05
  5.500E-04  2.30367E-11  1.18461E-15  4.23033E+01  0.00000E+00  1.0E-05
  5.750E-04  2.51785E-11  1.18461E-15  4.23032E+01  0.00000E+00  1.0E-05
  6.000E-04  2.74156E-11  1.18461E-15  4.23030E+01  0.00000E+00  1.0E-05
  6.250E-04  2.97478E-11  1.18460E-15  4.23029E+01  0.00000E+00  1.0E-05
  6.500E-04  3.21752E-11  1.18460E-15  4.23027E+01  0.00000E+00  1.0E-05
  6.750E-04  3.46979E-11  1.18459E-15  4.23025E+01  0.00000E+00  1.0E-05
  7.000E-04  3.73157E-11  1.18459E-15  4.23023E+01  0.00000E+00  1.0E-05
  7.250E-04  4.00286E-11  1.18458E-15  4.23022E+01  0.00000E+00  1.0E-05
  7.500E-04  4.28368E-11  1.18458E-15  4.23020E+01  0.00000E+00  1.0E-05
  7.750E-04  4.57402E-11  1.18457E-15  4.23018E+01  0.00000E+00  1.0E-05
  8.000E-04  4.87388E-11  1.18456E-15  4.23016E+01  0.00000E+00  1.0E-05
  8.250E-04  5.18325E-11  1.18456E-15  4.23013E+01  0.00000E+00  1.0E-05
  8.500E-04  5.50215E-11  1.18455E-15  4.23011E+01  0.00000E+00  1.0E-05
  8.750E-04  5.83057E-11  1.18455E-15  4.23009E+01  0.00000E+00  1.0E-05
  9.000E-04  6.16850E-11  1.18454E-15  4.23007E+01  0.00000E+00  1.0E-05
  9.250E-04  6.51595E-11  1.18453E-15  4.23004E+01  0.00000E+00  1.0E-05
  9.500E-04  6.87293E-11  1.18453E-15  4.23002E+01  0.00000E+00  1.0E-05
  9.750E-04  7.23943E-11  1.18452E-15  4.22999E+01  0.00000E+00  1.0E-05
  1.000E-03  7.61544E-11  1.18451E-15  4.22997E+01  0.00000E+00  1.0E-05
  1.250E-03  1.18991E-10  1.18443E-15  4.22967E+01  0.00000E+00  1.0E-05
  1.500E-03  1.71347E-10  1.18433E-15  4.22931E+01  0.00000E+00  1.0E-05
  1.750E-03  2.33223E-10  1.18421E-15  4.22888E+01  0.00000E+00  1.0E-05
  2.000E-03  3.04617E-10  1.18407E-15  4.22839E+01  0.00000E+00  1.0E-05
  2.250E-03  3.85531E-10  1.18391E-15  4.22784E+01  0.00000E+00  1.0E-05
  2.500E-03  4.75965E-10  1.18374E-15  4.22721E+01  0.00000E+00  1.0E-05
  2.750E-03  5.75917E-10  1.18355E-15  4.22653E+01  0.00000E+00  1.0E-05
  3.000E-03  6.85389E-10  1.18334E-15  4.22577E+01  0.00000E+00  1.0E-05
  3.250E-03  8.04380E-10  1.18311E-15  4.22495E+01  0.00000E+00  1.0E-05
  3.500E-03  9.32891E-10  1.18286E-15  4.22407E+01  0.00000E+00  1.0E-05
  3.750E-03  1.07092E-09  1.18259E-15  4.22312E+01  0.00000E+00  1.0E-05
  4.000E-03  1.21847E-09  1.18231E-15  4.22211E+01  0.00000E+00  1.0E-05
  4.250E-03  1.37554E-09  1.18201E-15  4.22103E+01  0.00000E+00  1.0E-05
  4.500E-03  1.54213E-09  1.18169E-15  4.21989E+01  0.00000E+00  1.0E-05
  4.750E-03  1.71823E-09  1.18135E-15  4.21868E+01  0.00000E+00  1.0E-05
  5.000E-03  1.90386E-09  1.18099E-15  4.21741E+01  0.00000E+00  1.0E-05
  5.250E-03  2.09900E-09  1.18062E-15  4.21607E+01  0.00000E+00  1.0E-05
  5.500E-03  2.30367E-09  1.18023E-15  4.21467E+01  0.00000E+00  1.0E-05
  5.750E-03  2.51785E-09  1.17982E-15  4.21320E+01  0.00000E+00  1.0E-05
  6.000E-03  2.74156E-09  1.17939E-15  4.21167E+01  0.00000E+00  1.0E-05
  6.250E-03  2.97478E-09  1.17894E-15  4.21007E+01  0.00000E+00  1.0E-05
  6.500E-03  3.21752E-09  1.17848E-15  4.20841E+01  0.00000E+00  1.0E-05
  6.750E-03  3.46978E-09  1.17799E-15  4.20669E+01  0.00000E+00  1.0E-05
  7.000E-03  3.73156E-09  1.17749E-15  4.20490E+01  0.00000E+00  1.0E-05
  7.250E-03  4.00286E-09  1.17697E-15  4.20305E+01  0.00000E+00  1.0E-05
  7.500E-03  4.28368E-09  1.17644E-15  4.20114E+01  0.00000E+00  1.0E-05
  7.750E-03  4.57402E-09  1.17588E-15  4.19916E+01  0.00000E+00  1.0E-05
  8.000E-03  4.87388E-09  1.17531E-15  4.19711E+01  0.00000E+00  1.0E-05
  8.250E-03  5.18326E-09  1.17472E-15  4.19501E+01  0.00000E+00  1.0E-05
  8.500E-03  5.50215E-09  1.17412E-15  4.19285E+01  0.00000E+00  1.0E-05
  8.750E-03  5.83057E-09  1.17349E-15  4.19061E+01  0.00000E+00  1.0E-05
  9.000E-03  6.16850E-09  1.17285E-15  4.18831E+01  0.00000E+00  1.0E-05
  9.250E-03  6.51596E-09  1.17219E-15  4.18596E+01  0.00000E+00  1.0E-05
  9.500E-03  6.87293E-09  1.17151E-15  4.18354E+01  0.00000E+00  1.0E-05
  9.750E-03  7.23942E-09  1.17081E-15  4.18105E+01  0.00000E+00  1.0E-05
  1.000E-02  7.61544E-09  1.17010E-15  4.17851E+01  0.00000E+00  1.0E-05
  1.250E-02  1.18991E-08  1.16202E-15  4.14966E+01  0.00000E+00  1.0E-05
  1.500E-02  1.71347E-08  1.15226E-15  4.11478E+01  0.00000E+00  1.0E-05
  1.750E-02  2.33223E-08  1.14086E-15  4.07408E+01  0.00000E+00  1.0E-05
  2.000E-02  3.04617E-08  1.12790E-15  4.02782E+01  0.00000E+00  1.0E-05
  2.250E-02  3.85531E-08  1.11347E-15  3.97626E+01  0.00000E+00  1.0E-05
  2.500E-02  4.75965E-08  1.09763E-15  3.91972E+01  0.00000E+00  1.0E-05
  2.750E-02  5.75917E-08  1.08050E-15  3.85853E+01  0.00000E+00  1.0E-05
  3.000E-02  6.85389E-08  1.06216E-15  3.79304E+01  0.00000E+00  1.0E-05
  3.250E-02  8.04380E-08  1.04271E-15  3.72360E+01  0.00000E+00  1.0E-05
  3.500E-02  9.32891E-08  1.02133E-15  3.64723E+01  0.00000E+00  1.0E-05
  3.750E-02  1.07092E-07  9.98682E-16  3.56636E+01  0.00000E+00  1.0E-05
  4.000E-02  1.21847E-07  9.76872E-16  3.48847E+01  0.00000E+00  1.0E-05
  4.250E-02  1.37554E-07  9.55987E-16  3.41389E+01  0.00000E+00  1.0E-05
  4.500E-02  1.54213E-07  9.30519E-16  3.32294E+01  0.00000E+00  1.0E-05
  4.750E-02  1.71823E-07  9.06354E-16  3.23665E+01  0.00000E+00  1.0E-05
  5.000E-02  1.90386E-07  8.83547E-16  3.15520E+01  0.00000E+00  1.0E-05
  5.250E-02  2.09900E-07  8.58646E-16  3.06628E+01  0.00000E+00  1.0E-05
  5.500E-02  2.30367E-07  8.32992E-16  2.97467E+01  0.00000E+00  1.0E-05
  5.750E-02  2.51785E-07  8.08999E-16  2.88899E+01  0.00000E+00  1.0E-05
  6.000E-02  2.74156E-07  7.85538E-16  2.80521E+01  0.00000E+00  1.0E-05
  6.250E-02  2.97478E-07  7.59284E-16  2.71145E+01  0.00000E+00  1.0E-05
  6.500E-02  3.21752E-07  7.34866E-16  2.62425E+01  0.00000E+00  1.0E-05
  6.750E-02  3.46978E-07  7.12158E-16  2.54316E+01  0.00000E+00  1.0E-05
  7.000E-02  3.73156E-07  6.87219E-16  2.45411E+01  0.00000E+00  1.0E-05
  7.250E-02  4.00286E-07  6.63081E-16  2.36791E+01  0.00000E+00  1.0E-05
  7.500E-02  4.28368E-07  6.40691E-16  2.28795E+01  0.00000E+00  1.0E-05
  7.750E-02  4.57402E-07  6.18290E-16  2.20795E+01  0.00000E+00  1.0E-05
  8.000E-02  4.87388E-07  5.95019E-16  2.12485E+01  0.00000E+00  1.0E-05
  8.250E-02  5.18325E-07  5.73457E-16  2.04785E+01  0.00000E+00  1.0E-05
  8.500E-02  5.50215E-07  5.53462E-16  1.97645E+01  0.00000E+00  1.0E-05
  8.750E-02  5.83057E-07  5.31563E-16  1.89825E+01  0.00000E+00  1.0E-05
  9.000E-02  6.16850E-07  5.11214E-16  1.82558E+01  0.00000E+00  1.0E-05
  9.250E-02  6.51596E-07  4.92342E-16  1.75819E+01  0.00000E+00  1.0E-05
  9.500E-02  6.87293E-07  4.73200E-16  1.68983E+01  0.00000E+00  1.0E-05
  9.750E-02  7.23942E-07  4.54312E-16  1.62238E+01  0.00000E+00  1.0E-05
  1.000E-01  7.61543E-07  4.36786E-16  1.55979E+01  0.00000E+00  1.0E-05
  1.250E-01  1.18991E-06  2.89919E-16  1.03532E+01  0.00000E+00  1.0E-05
  1.500E-01  1.71347E-06  1.91437E-16  6.83633E+00  0.00000E+00  1.0E-05
  1.750E-01  2.33223E-06  1.27454E-16  4.55145E+00  0.00000E+00  1.0E-05
  2.000E-01  3.04617E-06  8.64832E-17  3.08837E+00  0.00000E+00  1.0E-05
  2.250E-01  3.85531E-06  5.98382E-17  2.13686E+00  0.00000E+00  1.0E-05
  2.500E-01  4.75964E-06  4.20374E-17  1.50118E+00  0.00000E+00  1.0E-05
  2.750E-01  5.75916E-06  3.03043E-17  1.08218E+00  0.00000E+00  1.0E-05
  3.000E-01  6.85388E-06  2.22973E-17  7.96250E-01  0.00000E+00  1.0E-05
  3.250E-01  8.04378E-06  1.66486E-17  5.94532E-01  0.00000E+00  1.0E-05
  3.500E-01  9.32888E-06  1.26403E-17  4.51395E-01  0.00000E+00  1.0E-05
  3.750E-01  1.07092E-05  9.77790E-18  3.49175E-01  0.00000E+00  1.0E-05
  4.000E-01  1.21846E-05  7.64461E-18  2.72994E-01  0.00000E+00  1.0E-05
  4.250E-01  1.37553E-05  6.06161E-18  2.16464E-01  0.00000E+00  1.0E-05
  4.500E-01  1.54212E-05  4.86551E-18  1.73750E-01  0.00000E+00  1.0E-05
  4.750E-01  1.71822E-05  3.94615E-18  1.40920E-01  0.00000E+00  1.0E-05
  5.000E-01  1.90385E-05  3.23011E-18  1.15349E-01  0.00000E+00  1.0E-05
  5.250E-01  2.09899E-05  2.66945E-18  9.53278E-02  0.00000E+00  1.0E-05
  5.500E-01  2.30365E-05  2.22487E-18  7.94515E-02  0.00000E+00  1.0E-05
  5.750E-01  2.51783E-05  1.86604E-18  6.66374E-02  0.00000E+00  1.0E-05
  6.000E-01  2.74153E-05  1.57895E-18  5.63852E-02  0.00000E+00  1.0E-05
  6.250E-01  2.97475E-05  1.34349E-18  4.79770E-02  0.00000E+00  1.0E-05
  6.500E-01  3.21749E-05  1.14959E-18  4.10525E-02  0.00000E+00  1.0E-05
  6.750E-01  3.46974E-05  9.89405E-19  3.53323E-02  0.00000E+00  1.0E-05
  7.000E-01  3.73152E-05  8.56805E-19  3.05970E-02  0.00000E+00  1.0E-05
  7.250E-01  4.00281E-05  7.44572E-19  2.65892E-02  0.00000E+00  1.0E-05
  7.500E-01  4.28362E-05  6.50580E-19  2.32326E-02  0.00000E+00  1.0E-05
  7.750E-01  4.57395E-05  5.70951E-19  2.03890E-02  0.00000E+00  1.0E-05
  8.000E-01  4.87380E-05  5.03466E-19  1.79791E-02  0.00000E+00  1.0E-05
  8.250E-01  5.18317E-05  4.44701E-19  1.58806E-02  0.00000E+00  1.0E-05
  8.500E-01  5.50205E-05  3.95167E-19  1.41117E-02  0.00000E+00  1.0E-05
  8.750E-01  5.83045E-05  3.52051E-19  1.25720E-02  0.00000E+00  1.0E-05
  9.000E-01  6.16838E-05  3.14655E-19  1.12365E-02  0.00000E+00  1.0E-05
  9.250E-01  6.51582E-05  2.81995E-19  1.00702E-02  0.00000E+00  1.0E-05
  9.500E-01  6.87277E-05  2.53808E-19  9.06366E-03  0.00000E+00  1.0E-05
  9.750E-01  7.23925E-05  2.28673E-19  8.16608E-03  0.00000E+00  1.0E-05
  1.000E+00  7.61524E-05  2.06708E-19  7.38167E-03  0.00000E+00  1.0E-05
  1.100E+00  9.21439E-05  1.41319E-19  5.04660E-03  0.00000E+00  1.0E-05
  1.200E+00  1.09658E-04  9.99042E-20  3.56764E-03  0.00000E+00  6.1E-04
  1.300E+00  1.28695E-04  7.25185E-20  2.58968E-03  0.00000E+00  1.6E-04
  1.400E+00  1.49255E-04  5.39384E-20  1.92618E-03  0.00000E+00  2.0E-04
  1.500E+00  1.71338E-04  4.09688E-20  1.46302E-03  0.00000E+00  3.9E-04
  1.600E+00  1.94942E-04  3.16318E-20  1.12959E-03  0.00000E+00  4.3E-04
  1.700E+00  2.20070E-04  2.48463E-20  8.87279E-04  0.00000E+00  3.6E-04
  1.800E+00  2.46720E-04  1.97614E-20  7.05691E-04  0.00000E+00  2.2E-04
  1.900E+00  2.74892E-04  1.59256E-20  5.68714E-04  0.00000E+00  5.9E-05
  2.000E+00  3.04586E-04  1.29740E-20  4.63310E-04  0.00000E+00  8.6E-05
  2.100E+00  3.35803E-04  1.06727E-20  3.81130E-04  0.00000E+00  1.7E-04
  2.200E+00  3.68542E-04  8.86493E-21  3.16573E-04  0.00000E+00  2.0E-04
  2.300E+00  4.02802E-04  7.41909E-21  2.64941E-04  0.00000E+00  1.7E-04
  2.400E+00  4.38585E-04  6.26009E-21  2.23552E-04  0.00000E+00  1.0E-04
  2.500E+00  4.75889E-04  5.31682E-21  1.89867E-04  0.00000E+00  2.7E-05
  2.600E+00  5.14715E-04  4.54516E-21  1.62311E-04  0.00000E+00  4.8E-05
  2.700E+00  5.55063E-04  3.90914E-21  1.39598E-04  0.00000E+00  9.3E-05
  2.800E+00  5.96931E-04  3.37949E-21  1.20684E-04  0.00000E+00  1.1E-04
  2.900E+00  6.40321E-04  2.93770E-21  1.04907E-04  0.00000E+00  9.4E-05
  3.000E+00  6.85233E-04  2.56494E-21  9.15957E-05  0.00000E+00  5.9E-05
  3.100E+00  7.31665E-04  2.24995E-21  8.03472E-05  0.00000E+00  1.5E-05
  3.200E+00  7.79618E-04  1.98175E-21  7.07697E-05  0.00000E+00  3.0E-05
  3.300E+00  8.29092E-04  1.75219E-21  6.25718E-05  0.00000E+00  5.8E-05
  3.400E+00  8.80086E-04  1.55523E-21  5.55383E-05  0.00000E+00  6.6E-05
  3.500E+00  9.32601E-04  1.38486E-21  4.94541E-05  0.00000E+00  5.8E-05
  3.600E+00  9.86636E-04  1.23745E-21  4.41900E-05  0.00000E+00  3.7E-05
  3.700E+00  1.04219E-03  1.10899E-21  3.96028E-05  0.00000E+00  8.5E-06
  3.800E+00  1.09927E-03  9.96812E-22  3.55968E-05  0.00000E+00  2.1E-05
  3.900E+00  1.15786E-03  8.98523E-22  3.20868E-05  0.00000E+00  3.9E-05
  4.000E+00  1.21797E-03  8.11947E-22  2.89952E-05  0.00000E+00  4.4E-05
  4.100E+00  1.27961E-03  7.35669E-22  2.62712E-05  0.00000E+00  3.9E-05
  4.200E+00  1.34276E-03  6.68048E-22  2.38564E-05  0.00000E+00  2.4E-05
  4.300E+00  1.40743E-03  6.08074E-22  2.17147E-05  0.00000E+00  5.3E-06
  4.400E+00  1.47362E-03  5.54671E-22  1.98077E-05  0.00000E+00  1.5E-05
  4.500E+00  1.54133E-03  5.06980E-22  1.81046E-05  0.00000E+00  2.8E-05
  4.600E+00  1.61056E-03  4.64350E-22  1.65822E-05  0.00000E+00  3.1E-05
  4.700E+00  1.68131E-03  4.26060E-22  1.52149E-05  0.00000E+00  2.8E-05
  4.800E+00  1.75357E-03  3.91675E-22  1.39870E-05  0.00000E+00  1.7E-05
  4.900E+00  1.82735E-03  3.60668E-22  1.28797E-05  0.00000E+00  3.4E-06
  5.000E+00  1.90265E-03  3.32674E-22  1.18800E-05  0.00000E+00  1.2E-05
  5.100E+00  1.97947E-03  3.07354E-22  1.09758E-05  0.00000E+00  2.1E-05
  5.200E+00  2.05780E-03  2.84378E-22  1.01553E-05  0.00000E+00  2.3E-05
  5.300E+00  2.13765E-03  2.63532E-22  9.41089E-06  0.00000E+00  2.0E-05
  5.400E+00  2.21902E-03  2.44543E-22  8.73278E-06  0.00000E+00  1.3E-05
  5.500E+00  2.30190E-03  2.27244E-22  8.11503E-06  0.00000E+00  2.2E-06
  5.600E+00  2.38630E-03  2.11446E-22  7.55088E-06  0.00000E+00  9.3E-06
  5.700E+00  2.47222E-03  1.96992E-22  7.03472E-06  0.00000E+00  1.6E-05
  5.800E+00  2.55965E-03  1.83762E-22  6.56227E-06  0.00000E+00  1.8E-05
  5.900E+00  2.64859E-03  1.71614E-22  6.12843E-06  0.00000E+00  1.5E-05
  6.000E+00  2.73905E-03  1.60461E-22  5.73018E-06  0.00000E+00  9.4E-06
  6.100E+00  2.83103E-03  1.50195E-22  5.36357E-06  0.00000E+00  1.4E-06
  6.200E+00  2.92452E-03  1.40738E-22  5.02585E-06  0.00000E+00  7.6E-06
  6.300E+00  3.01952E-03  1.32016E-22  4.71439E-06  0.00000E+00  1.3E-05
  6.400E+00  3.11604E-03  1.23955E-22  4.42650E-06  0.00000E+00  1.4E-05
  6.500E+00  3.21407E-03  1.16505E-22  4.16046E-06  0.00000E+00  1.2E-05
  6.600E+00  3.31362E-03  1.09602E-22  3.91394E-06  0.00000E+00  7.3E-06
  6.700E+00  3.41468E-03  1.03205E-22  3.68551E-06  0.00000E+00  9.2E-07
  6.800E+00  3.51725E-03  9.72675E-23  3.47348E-06  0.00000E+00  6.3E-06
  6.900E+00  3.62133E-03  9.17493E-23  3.27643E-06  0.00000E+00  1.0E-05
  7.000E+00  3.72692E-03  8.66199E-23  3.09325E-06  0.00000E+00  1.1E-05
  7.100E+00  3.83403E-03  8.18407E-23  2.92259E-06  0.00000E+00  9.6E-06
  7.200E+00  3.94265E-03  7.73893E-23  2.76362E-06  0.00000E+00  5.7E-06
  7.300E+00  4.05278E-03  7.32349E-23  2.61526E-06  0.00000E+00  5.7E-07
  7.400E+00  4.16442E-03  6.93556E-23  2.47673E-06  0.00000E+00  5.3E-06
  7.500E+00  4.27757E-03  6.57308E-23  2.34729E-06  0.00000E+00  8.4E-06
  7.600E+00  4.39223E-03  6.23380E-23  2.22613E-06  0.00000E+00  9.1E-06
  7.700E+00  4.50840E-03  5.91632E-23  2.11275E-06  0.00000E+00  7.8E-06
  7.800E+00  4.62608E-03  5.61863E-23  2.00645E-06  0.00000E+00  4.6E-06
  7.900E+00  4.74527E-03  5.33951E-23  1.90677E-06  0.00000E+00  6.4E-07
  8.000E+00  4.86597E-03  5.07751E-23  1.81321E-06  0.00000E+00  4.6E-06
  8.100E+00  4.98817E-03  4.83131E-23  1.72529E-06  0.00000E+00  7.0E-06
  8.200E+00  5.11188E-03  4.59996E-23  1.64268E-06  0.00000E+00  7.5E-06
  8.300E+00  5.23711E-03  4.38218E-23  1.56490E-06  0.00000E+00  6.4E-06
  8.400E+00  5.36383E-03  4.17722E-23  1.49171E-06  0.00000E+00  3.7E-06
  8.500E+00  5.49207E-03  3.98405E-23  1.42273E-06  0.00000E+00  7.2E-07
  8.600E+00  5.62181E-03  3.80192E-23  1.35769E-06  0.00000E+00  4.0E-06
  8.700E+00  5.75306E-03  3.63012E-23  1.29634E-06  0.00000E+00  6.0E-06
  8.800E+00  5.88581E-03  3.46784E-23  1.23839E-06  0.00000E+00  6.3E-06
  8.900E+00  6.02007E-03  3.31460E-23  1.18367E-06  0.00000E+00  5.4E-06
  9.000E+00  6.15583E-03  3.16967E-23  1.13191E-06  0.00000E+00  3.0E-06
  9.100E+00  6.29310E-03  3.03261E-23  1.08296E-06  0.00000E+00  7.6E-07
  9.200E+00  6.43187E-03  2.90287E-23  1.03663E-06  0.00000E+00  3.5E-06
  9.300E+00  6.57214E-03  2.77997E-23  9.92744E-07  0.00000E+00  5.1E-06
  9.400E+00  6.71392E-03  2.66354E-23  9.51168E-07  0.00000E+00  5.4E-06
  9.500E+00  6.85720E-03  2.55310E-23  9.11728E-07  0.00000E+00  4.5E-06
  9.600E+00  7.00198E-03  2.44836E-23  8.74324E-07  0.00000E+00  2.5E-06
  9.700E+00  7.14827E-03  2.34891E-23  8.38811E-07  0.00000E+00  7.8E-07
  9.800E+00  7.29605E-03  2.25446E-23  8.05082E-07  0.00000E+00  3.1E-06
  9.900E+00  7.44534E-03  2.16472E-23  7.73037E-07  0.00000E+00  4.5E-06
  1.000E+01  7.59612E-03  2.07938E-23  7.42560E-07  0.00000E+00  4.6E-06
  1.025E+01  7.97965E-03  1.88374E-23  6.72697E-07  0.00000E+00  4.4E-06
  1.050E+01  8.37255E-03  1.71058E-23  6.10858E-07  0.00000E+00  3.9E-06
  1.075E+01  8.77480E-03  1.55685E-23  5.55961E-07  0.00000E+00  3.3E-06
  1.100E+01  9.18641E-03  1.42000E-23  5.07092E-07  0.00000E+00  2.5E-06
  1.125E+01  9.60736E-03  1.29786E-23  4.63473E-07  0.00000E+00  1.6E-06
  1.150E+01  1.00376E-02  1.18856E-23  4.24443E-07  0.00000E+00  7.8E-07
  1.175E+01  1.04773E-02  1.09053E-23  3.89434E-07  0.00000E+00  5.9E-07
  1.200E+01  1.09262E-02  1.00239E-23  3.57959E-07  0.00000E+00  1.3E-06
  1.225E+01  1.13844E-02  9.22969E-24  3.29598E-07  0.00000E+00  1.8E-06
  1.250E+01  1.18520E-02  8.51258E-24  3.03990E-07  0.00000E+00  2.2E-06
  1.275E+01  1.23288E-02  7.86372E-24  2.80819E-07  0.00000E+00  2.4E-06
  1.300E+01  1.28150E-02  7.27548E-24  2.59812E-07  0.00000E+00  2.4E-06
  1.325E+01  1.33104E-02  6.74119E-24  2.40732E-07  0.00000E+00  2.3E-06
  1.350E+01  1.38150E-02  6.25501E-24  2.23371E-07  0.00000E+00  2.2E-06
  1.375E+01  1.43290E-02  5.81184E-24  2.07545E-07  0.00000E+00  1.9E-06
  1.400E+01  1.48521E-02  5.40720E-24  1.93095E-07  0.00000E+00  1.6E-06
  1.425E+01  1.53845E-02  5.03714E-24  1.79879E-07  0.00000E+00  1.2E-06
  1.450E+01  1.59262E-02  4.69816E-24  1.67774E-07  0.00000E+00  6.9E-07
  1.475E+01  1.64770E-02  4.38720E-24  1.56670E-07  0.00000E+00  2.3E-07
  1.500E+01  1.70371E-02  4.10151E-24  1.46468E-07  0.00000E+00  6.0E-07
  1.525E+01  1.76063E-02  3.83868E-24  1.37082E-07  0.00000E+00  9.5E-07
  1.550E+01  1.81848E-02  3.59654E-24  1.28435E-07  0.00000E+00  1.2E-06
  1.575E+01  1.87724E-02  3.37318E-24  1.20458E-07  0.00000E+00  1.4E-06
  1.600E+01  1.93692E-02  3.16686E-24  1.13091E-07  0.00000E+00  1.5E-06
  1.625E+01  1.99751E-02  2.97606E-24  1.06277E-07  0.00000E+00  1.4E-06
  1.650E+01  2.05901E-02  2.79940E-24  9.99683E-08  0.00000E+00  1.4E-06
  1.675E+01  2.12143E-02  2.63563E-24  9.41200E-08  0.00000E+00  1.3E-06
  1.700E+01  2.18476E-02  2.48364E-24  8.86926E-08  0.00000E+00  1.1E-06
  1.725E+01  2.24900E-02  2.34244E-24  8.36501E-08  0.00000E+00  8.7E-07
  1.750E+01  2.31415E-02  2.21112E-24  7.89604E-08  0.00000E+00  6.0E-07
  1.775E+01  2.38021E-02  2.08885E-24  7.45942E-08  0.00000E+00  3.1E-07
  1.800E+01  2.44717E-02  1.97491E-24  7.05252E-08  0.00000E+00  2.8E-07
  1.825E+01  2.51504E-02  1.86861E-24  6.67293E-08  0.00000E+00  5.3E-07
  1.850E+01  2.58382E-02  1.76936E-24  6.31850E-08  0.00000E+00  7.3E-07
  1.875E+01  2.65349E-02  1.67660E-24  5.98723E-08  0.00000E+00  8.7E-07
  1.900E+01  2.72407E-02  1.58982E-24  5.67736E-08  0.00000E+00  9.5E-07
  1.925E+01  2.79555E-02  1.50858E-24  5.38723E-08  0.00000E+00  9.7E-07
  1.950E+01  2.86793E-02  1.43245E-24  5.11536E-08  0.00000E+00  9.4E-07
  1.975E+01  2.94120E-02  1.36105E-24  4.86038E-08  0.00000E+00  9.0E-07
  2.000E+01  3.01537E-02  1.29403E-24  4.62106E-08  0.00000E+00  8.1E-07
  2.025E+01  3.09043E-02  1.23108E-24  4.39625E-08  0.00000E+00  6.8E-07
  2.050E+01  3.16639E-02  1.17190E-24  4.18492E-08  0.00000E+00  5.2E-07
  2.075E+01  3.24324E-02  1.11622E-24  3.98610E-08  0.00000E+00  3.3E-07
  2.100E+01  3.32098E-02  1.06381E-24  3.79892E-08  0.00000E+00  1.3E-07
  2.125E+01  3.39961E-02  1.01442E-24  3.62257E-08  0.00000E+00  3.0E-07
  2.150E+01  3.47912E-02  9.67864E-25  3.45630E-08  0.00000E+00  4.6E-07
  2.175E+01  3.55952E-02  9.23938E-25  3.29944E-08  0.00000E+00  5.8E-07
  2.200E+01  3.64081E-02  8.82469E-25  3.15135E-08  0.00000E+00  6.5E-07
  2.225E+01  3.72297E-02  8.43294E-25  3.01146E-08  0.00000E+00  6.9E-07
  2.250E+01  3.80602E-02  8.06262E-25  2.87921E-08  0.00000E+00  6.7E-07
  2.275E+01  3.88995E-02  7.71234E-25  2.75413E-08  0.00000E+00  6.6E-07
  2.300E+01  3.97476E-02  7.38082E-25  2.63574E-08  0.00000E+00  6.2E-07
  2.325E+01  4.06044E-02  7.06686E-25  2.52362E-08  0.00000E+00  5.5E-07
  2.350E+01  4.14700E-02  6.76936E-25  2.41738E-08  0.00000E+00  4.5E-07
  2.375E+01  4.23443E-02  6.48730E-25  2.31666E-08  0.00000E+00  3.2E-07
  2.400E+01  4.32273E-02  6.21972E-25  2.22110E-08  0.00000E+00  1.8E-07
  2.425E+01  4.41190E-02  5.96575E-25  2.13041E-08  0.00000E+00  1.7E-07
  2.450E+01  4.50194E-02  5.72456E-25  2.04428E-08  0.00000E+00  2.9E-07
  2.475E+01  4.59284E-02  5.49539E-25  1.96244E-08  0.00000E+00  3.9E-07
  2.500E+01  4.68461E-02  5.27753E-25  1.88464E-08  0.00000E+00  4.6E-07
  2.550E+01  4.87074E-02  4.87312E-25  1.74022E-08  0.00000E+00  5.1E-07
  2.600E+01  5.06030E-02  4.50657E-25  1.60932E-08  0.00000E+00  4.8E-07
  2.650E+01  5.25328E-02  4.17369E-25  1.49045E-08  0.00000E+00  3.8E-07
  2.700E+01  5.44967E-02  3.87085E-25  1.38231E-08  0.00000E+00  2.0E-07
  2.750E+01  5.64946E-02  3.59486E-25  1.28375E-08  0.00000E+00  1.8E-07
  2.800E+01  5.85262E-02  3.34292E-25  1.19378E-08  0.00000E+00  3.3E-07
  2.850E+01  6.05914E-02  3.11255E-25  1.11151E-08  0.00000E+00  3.9E-07
  2.900E+01  6.26901E-02  2.90159E-25  1.03618E-08  0.00000E+00  3.8E-07
  2.950E+01  6.48222E-02  2.70810E-25  9.67081E-09  0.00000E+00  3.3E-07
  3.000E+01  6.69873E-02  2.53038E-25  9.03617E-09  0.00000E+00  2.1E-07
  3.050E+01  6.91854E-02  2.36692E-25  8.45243E-09  0.00000E+00  1.1E-07
  3.100E+01  7.14163E-02  2.21637E-25  7.91479E-09  0.00000E+00  2.4E-07
  3.150E+01  7.36799E-02  2.07752E-25  7.41894E-09  0.00000E+00  3.1E-07
  3.200E+01  7.59760E-02  1.94930E-25  6.96106E-09  0.00000E+00  3.0E-07
  3.250E+01  7.83043E-02  1.83075E-25  6.53772E-09  0.00000E+00  2.8E-07
  3.300E+01  8.06647E-02  1.72101E-25  6.14585E-09  0.00000E+00  2.0E-07
  3.350E+01  8.30571E-02  1.61931E-25  5.78268E-09  0.00000E+00  1.0E-07
  3.400E+01  8.54812E-02  1.52496E-25  5.44573E-09  0.00000E+00  1.7E-07
  3.450E+01  8.79369E-02  1.43732E-25  5.13278E-09  0.00000E+00  2.4E-07
  3.500E+01  9.04240E-02  1.35584E-25  4.84180E-09  0.00000E+00  2.5E-07
  3.550E+01  9.29422E-02  1.28000E-25  4.57097E-09  0.00000E+00  2.4E-07
  3.600E+01  9.54915E-02  1.20934E-25  4.31864E-09  0.00000E+00  1.9E-07
  3.650E+01  9.80716E-02  1.14345E-25  4.08333E-09  0.00000E+00  1.0E-07
  3.700E+01  1.00682E-01  1.08194E-25  3.86367E-09  0.00000E+00  1.2E-07
  3.750E+01  1.03323E-01  1.02447E-25  3.65845E-09  0.00000E+00  1.9E-07
  3.800E+01  1.05995E-01  9.70726E-26  3.46653E-09  0.00000E+00  2.1E-07
  3.850E+01  1.08696E-01  9.20424E-26  3.28689E-09  0.00000E+00  2.0E-07
  3.900E+01  1.11427E-01  8.73303E-26  3.11862E-09  0.00000E+00  1.8E-07
  3.950E+01  1.14188E-01  8.29125E-26  2.96086E-09  0.00000E+00  1.1E-07
  4.000E+01  1.16978E-01  7.87673E-26  2.81283E-09  0.00000E+00  1.0E-07
  4.050E+01  1.19797E-01  7.48748E-26  2.67383E-09  0.00000E+00  1.5E-07
  4.100E+01  1.22645E-01  7.12169E-26  2.54320E-09  0.00000E+00  1.8E-07
  4.150E+01  1.25522E-01  6.77769E-26  2.42036E-09  0.00000E+00  1.7E-07
  4.200E+01  1.28428E-01  6.45393E-26  2.30474E-09  0.00000E+00  1.6E-07
  4.250E+01  1.31361E-01  6.14902E-26  2.19585E-09  0.00000E+00  1.2E-07
  4.300E+01  1.34323E-01  5.86165E-26  2.09323E-09  0.00000E+00  1.0E-07
  4.350E+01  1.37313E-01  5.59064E-26  1.99645E-09  0.00000E+00  1.2E-07
  4.400E+01  1.40330E-01  5.33488E-26  1.90512E-09  0.00000E+00  1.5E-07
  4.450E+01  1.43375E-01  5.09335E-26  1.81887E-09  0.00000E+00  1.4E-07
  4.500E+01  1.46447E-01  4.86513E-26  1.73737E-09  0.00000E+00  1.4E-07
  4.550E+01  1.49545E-01  4.64935E-26  1.66031E-09  0.00000E+00  1.1E-07
  4.600E+01  1.52671E-01  4.44520E-26  1.58741E-09  0.00000E+00  1.0E-07
  4.650E+01  1.55823E-01  4.25195E-26  1.51840E-09  0.00000E+00  1.0E-07
  4.700E+01  1.59001E-01  4.06890E-26  1.45303E-09  0.00000E+00  1.2E-07
  4.750E+01  1.62205E-01  3.89543E-26  1.39108E-09  0.00000E+00  1.2E-07
  4.800E+01  1.65435E-01  3.73093E-26  1.33234E-09  0.00000E+00  1.2E-07
  4.850E+01  1.68690E-01  3.57486E-26  1.27661E-09  0.00000E+00  1.1E-07
  4.900E+01  1.71970E-01  3.42671E-26  1.22370E-09  0.00000E+00  1.0E-07
  4.950E+01  1.75276E-01  3.28601E-26  1.17345E-09  0.00000E+00  1.0E-07
  5.000E+01  1.78606E-01  3.15231E-26  1.12571E-09  0.00000E+00  1.0E-07
  5.050E+01  1.81961E-01  3.02519E-26  1.08032E-09  0.00000E+00  1.1E-07
  5.100E+01  1.85340E-01  2.90429E-26  1.03714E-09  0.00000E+00  1.0E-07
  5.150E+01  1.88743E-01  2.78923E-26  9.96053E-10  0.00000E+00  1.0E-07
  5.200E+01  1.92169E-01  2.67969E-26  9.56935E-10  0.00000E+00  1.0E-07
  5.250E+01  1.95619E-01  2.57535E-26  9.19674E-10  0.00000E+00  1.0E-07
  5.300E+01  1.99092E-01  2.47592E-26  8.84167E-10  0.00000E+00  1.0E-07
  5.350E+01  2.02589E-01  2.38113E-26  8.50317E-10  0.00000E+00  1.0E-07
  5.400E+01  2.06107E-01  2.29072E-26  8.18031E-10  0.00000E+00  1.0E-07
  5.450E+01  2.09649E-01  2.20445E-26  7.87224E-10  0.00000E+00  1.0E-07
  5.500E+01  2.13212E-01  2.12210E-26  7.57817E-10  0.00000E+00  1.0E-07
  5.550E+01  2.16797E-01  2.04346E-26  7.29733E-10  0.00000E+00  1.0E-07
  5.600E+01  2.20404E-01  1.96833E-26  7.02904E-10  0.00000E+00  1.0E-07
  5.650E+01  2.24032E-01  1.89653E-26  6.77262E-10  0.00000E+00  1.0E-07
  5.700E+01  2.27680E-01  1.82788E-26  6.52746E-10  0.00000E+00  1.0E-07
  5.750E+01  2.31350E-01  1.76221E-26  6.29298E-10  0.00000E+00  1.0E-07
  5.800E+01  2.35040E-01  1.69938E-26  6.06861E-10  0.00000E+00  1.0E-07
  5.850E+01  2.38751E-01  1.63925E-26  5.85386E-10  0.00000E+00  1.0E-07
  5.900E+01  2.42481E-01  1.58166E-26  5.64823E-10  0.00000E+00  1.0E-07
  5.950E+01  2.46231E-01  1.52651E-26  5.45126E-10  0.00000E+00  1.0E-07
  6.000E+01  2.50000E-01  1.47366E-26  5.26253E-10  0.00000E+00  1.0E-07
  6.050E+01  2.53788E-01  1.42300E-26  5.08162E-10  0.00000E+00  1.0E-07
  6.100E+01  2.57595E-01  1.37443E-26  4.90817E-10  0.00000E+00  1.0E-07
  6.150E+01  2.61421E-01  1.32784E-26  4.74179E-10  0.00000E+00  1.0E-07
  6.200E+01  2.65264E-01  1.28313E-26  4.58216E-10  0.00000E+00  1.0E-07
  6.250E+01  2.69126E-01  1.24023E-26  4.42894E-10  0.00000E+00  1.0E-07
  6.300E+01  2.73005E-01  1.19904E-26  4.28184E-10  0.00000E+00  1.0E-07
  6.350E+01  2.76901E-01  1.15948E-26  4.14057E-10  0.00000E+00  1.0E-07
  6.400E+01  2.80814E-01  1.12147E-26  4.00486E-10  0.00000E+00  1.0E-07
  6.450E+01  2.84744E-01  1.08495E-26  3.87444E-10  0.00000E+00  1.0E-07
  6.500E+01  2.88691E-01  1.04985E-26  3.74908E-10  0.00000E+00  1.0E-07
  6.550E+01  2.92653E-01  1.01609E-26  3.62854E-10  0.00000E+00  1.0E-07
  6.600E+01  2.96632E-01  9.83629E-27  3.51260E-10  0.00000E+00  1.0E-07
  6.650E+01  3.00625E-01  9.52395E-27  3.40106E-10  0.00000E+00  1.0E-07
  6.700E+01  3.04634E-01  9.22337E-27  3.29373E-10  0.00000E+00  1.0E-07
  6.750E+01  3.08658E-01  8.93403E-27  3.19040E-10  0.00000E+00  1.0E-07
  6.800E+01  3.12697E-01  8.65545E-27  3.09092E-10  0.00000E+00  1.0E-07
  6.850E+01  3.16749E-01  8.38713E-27  2.99510E-10  0.00000E+00  1.0E-07
  6.900E+01  3.20816E-01  8.12865E-27  2.90279E-10  0.00000E+00  1.0E-07
  6.950E+01  3.24896E-01  7.87957E-27  2.81384E-10  0.00000E+00  1.0E-07
  7.000E+01  3.28990E-01  7.63949E-27  2.72811E-10  0.00000E+00  1.0E-07
  7.050E+01  3.33097E-01  7.40804E-27  2.64546E-10  0.00000E+00  1.0E-07
  7.100E+01  3.37216E-01  7.18483E-27  2.56575E-10  0.00000E+00  1.0E-07
  7.150E+01  3.41348E-01  6.96954E-27  2.48887E-10  0.00000E+00  1.0E-07
  7.200E+01  3.45492E-01  6.76183E-27  2.41469E-10  0.00000E+00  1.0E-07
  7.250E+01  3.49647E-01  6.56138E-27  2.34311E-10  0.00000E+00  1.0E-07
  7.300E+01  3.53814E-01  6.36790E-27  2.27402E-10  0.00000E+00  1.0E-07
  7.350E+01  3.57992E-01  6.18110E-27  2.20731E-10  0.00000E+00  1.0E-07
  7.400E+01  3.62181E-01  6.00071E-27  2.14289E-10  0.00000E+00  1.0E-07
  7.450E+01  3.66381E-01  5.82647E-27  2.08067E-10  0.00000E+00  1.0E-07
  7.500E+01  3.70590E-01  5.65814E-27  2.02056E-10  0.00000E+00  1.0E-07
  7.550E+01  3.74810E-01  5.49548E-27  1.96247E-10  0.00000E+00  1.0E-07
  7.600E+01  3.79039E-01  5.33827E-27  1.90633E-10  0.00000E+00  1.0E-07
  7.650E+01  3.83277E-01  5.18628E-27  1.85205E-10  0.00000E+00  1.0E-07
  7.700E+01  3.87524E-01  5.03932E-27  1.79958E-10  0.00000E+00  1.0E-07
  7.750E+01  3.91780E-01  4.89720E-27  1.74882E-10  0.00000E+00  1.0E-07
  7.800E+01  3.96044E-01  4.75972E-27  1.69973E-10  0.00000E+00  1.0E-07
  7.850E+01  4.00316E-01  4.62671E-27  1.65223E-10  0.00000E+00  1.0E-07
  7.900E+01  4.04596E-01  4.49800E-27  1.60626E-10  0.00000E+00  1.0E-07
  7.950E+01  4.08882E-01  4.37342E-27  1.56177E-10  0.00000E+00  1.0E-07
  8.000E+01  4.13176E-01  4.25282E-27  1.51871E-10  0.00000E+00  1.0E-07
  8.050E+01  4.17476E-01  4.13604E-27  1.47701E-10  0.00000E+00  1.0E-07
  8.100E+01  4.21783E-01  4.02296E-27  1.43662E-10  0.00000E+00  1.0E-07
  8.150E+01  4.26095E-01  3.91342E-27  1.39751E-10  0.00000E+00  1.0E-07
  8.200E+01  4.30413E-01  3.80731E-27  1.35961E-10  0.00000E+00  1.0E-07
  8.250E+01  4.34737E-01  3.70449E-27  1.32290E-10  0.00000E+00  1.0E-07
  8.300E+01  4.39065E-01  3.60484E-27  1.28731E-10  0.00000E+00  1.0E-07
  8.350E+01  4.43398E-01  3.50826E-27  1.25282E-10  0.00000E+00  1.0E-07
  8.400E+01  4.47736E-01  3.41462E-27  1.21938E-10  0.00000E+00  1.0E-07
  8.450E+01  4.52077E-01  3.32383E-27  1.18696E-10  0.00000E+00  1.0E-07
  8.500E+01  4.56422E-01  3.23579E-27  1.15552E-10  0.00000E+00  1.0E-07
  8.550E+01  4.60770E-01  3.15039E-27  1.12502E-10  0.00000E+00  1.0E-07
  8.600E+01  4.65122E-01  3.06754E-27  1.09544E-10  0.00000E+00  1.0E-07
  8.650E+01  4.69476E-01  2.98716E-27  1.06673E-10  0.00000E+00  1.0E-07
  8.700E+01  4.73832E-01  2.90916E-27  1.03888E-10  0.00000E+00  1.0E-07
  8.750E+01  4.78190E-01  2.83345E-27  1.01184E-10  0.00000E+00  1.0E-07
  8.800E+01  4.82550E-01  2.75997E-27  9.85602E-11  0.00000E+00  1.0E-07
  8.850E+01  4.86912E-01  2.68862E-27  9.60124E-11  0.00000E+00  1.0E-07
  8.900E+01  4.91274E-01  2.61934E-27  9.35385E-11  0.00000E+00  1.0E-07
  8.950E+01  4.95637E-01  2.55207E-27  9.11360E-11  0.00000E+00  1.0E-07
  9.000E+01  5.00000E-01  2.48672E-27  8.88024E-11  0.00000E+00  1.0E-07
  9.050E+01  5.04363E-01  2.42324E-27  8.65355E-11  0.00000E+00  1.0E-07
  9.100E+01  5.08726E-01  2.36157E-27  8.43331E-11  0.00000E+00  1.0E-07
  9.150E+01  5.13088E-01  2.30164E-27  8.21931E-11  0.00000E+00  1.0E-07
  9.200E+01  5.17450E-01  2.24340E-27  8.01132E-11  0.00000E+00  1.0E-07
  9.250E+01  5.21810E-01  2.18679E-27  7.80917E-11  0.00000E+00  1.0E-07
  9.300E+01  5.26168E-01  2.13176E-27  7.61265E-11  0.00000E+00  1.0E-07
  9.350E+01  5.30524E-01  2.07826E-27  7.42160E-11  0.00000E+00  1.0E-07
  9.400E+01  5.34878E-01  2.02623E-27  7.23582E-11  0.00000E+00  1.0E-07
  9.450E+01  5.39230E-01  1.97564E-27  7.05515E-11  0.00000E+00  1.0E-07
  9.500E+01  5.43578E-01  1.92644E-27  6.87943E-11  0.00000E+00  1.0E-07
  9.550E+01  5.47923E-01  1.87857E-27  6.70850E-11  0.00000E+00  1.0E-07
  9.600E+01  5.52264E-01  1.83200E-27  6.54220E-11  0.00000E+00  1.0E-07
  9.650E+01  5.56602E-01  1.78669E-27  6.38040E-11  0.00000E+00  1.0E-07
  9.700E+01  5.60935E-01  1.74260E-27  6.22295E-11  0.00000E+00  1.0E-07
  9.750E+01  5.65263E-01  1.69969E-27  6.06972E-11  0.00000E+00  1.0E-07
  9.800E+01  5.69587E-01  1.65793E-27  5.92057E-11  0.00000E+00  1.0E-07
  9.850E+01  5.73905E-01  1.61727E-27  5.77539E-11  0.00000E+00  1.0E-07
  9.900E+01  5.78217E-01  1.57769E-27  5.63404E-11  0.00000E+00  1.0E-07
  9.950E+01  5.82524E-01  1.53915E-27  5.49641E-11  0.00000E+00  1.0E-07
  1.000E+02  5.86824E-01  1.50162E-27  5.36239E-11  0.00000E+00  1.0E-07
  1.005E+02  5.91118E-01  1.46507E-27  5.23187E-11  0.00000E+00  1.0E-07
  1.010E+02  5.95404E-01  1.42947E-27  5.10475E-11  0.00000E+00  1.0E-07
  1.015E+02  5.99684E-01  1.39479E-27  4.98090E-11  0.00000E+00  1.0E-07
  1.020E+02  6.03956E-01  1.36101E-27  4.86025E-11  0.00000E+00  1.0E-07
  1.025E+02  6.08220E-01  1.32809E-27  4.74271E-11  0.00000E+00  1.0E-07
  1.030E+02  6.12476E-01  1.29602E-27  4.62816E-11  0.00000E+00  1.0E-07
  1.035E+02  6.16723E-01  1.26476E-27  4.51654E-11  0.00000E+00  1.0E-07
  1.040E+02  6.20961E-01  1.23430E-27  4.40775E-11  0.00000E+00  1.0E-07
  1.045E+02  6.25190E-01  1.20460E-27  4.30170E-11  0.00000E+00  1.0E-07
  1.050E+02  6.29410E-01  1.17565E-27  4.19833E-11  0.00000E+00  1.0E-07
  1.055E+02  6.33619E-01  1.14743E-27  4.09755E-11  0.00000E+00  1.0E-07
  1.060E+02  6.37819E-01  1.11991E-27  3.99929E-11  0.00000E+00  1.0E-07
  1.065E+02  6.42008E-01  1.09308E-27  3.90347E-11  0.00000E+00  1.0E-07
  1.070E+02  6.46186E-01  1.06692E-27  3.81004E-11  0.00000E+00  1.0E-07
  1.075E+02  6.50353E-01  1.04140E-27  3.71891E-11  0.00000E+00  1.0E-07
  1.080E+02  6.54508E-01  1.01651E-27  3.63002E-11  0.00000E+00  1.0E-07
  1.085E+02  6.58652E-01  9.92230E-28  3.54332E-11  0.00000E+00  1.0E-07
  1.090E+02  6.62784E-01  9.68544E-28  3.45873E-11  0.00000E+00  1.0E-07
  1.095E+02  6.66903E-01  9.45436E-28  3.37621E-11  0.00000E+00  1.0E-07
  1.100E+02  6.71010E-01  9.22888E-28  3.29569E-11  0.00000E+00  1.0E-07
  1.105E+02  6.75104E-01  9.00886E-28  3.21712E-11  0.00000E+00  1.0E-07
  1.110E+02  6.79184E-01  8.79414E-28  3.14044E-11  0.00000E+00  1.0E-07
  1.115E+02  6.83251E-01  8.58458E-28  3.06561E-11  0.00000E+00  1.0E-07
  1.120E+02  6.87303E-01  8.38005E-28  2.99257E-11  0.00000E+00  1.0E-07
  1.125E+02  6.91342E-01  8.18040E-28  2.92128E-11  0.00000E+00  1.0E-07
  1.130E+02  6.95366E-01  7.98550E-28  2.85167E-11  0.00000E+00  1.0E-07
  1.135E+02  6.99375E-01  7.79523E-28  2.78373E-11  0.00000E+00  1.0E-07
  1.140E+02  7.03368E-01  7.60945E-28  2.71738E-11  0.00000E+00  1.0E-07
  1.145E+02  7.07347E-01  7.42806E-28  2.65261E-11  0.00000E+00  1.0E-07
  1.150E+02  7.11309E-01  7.25093E-28  2.58935E-11  0.00000E+00  1.0E-07
  1.155E+02  7.15256E-01  7.07796E-28  2.52759E-11  0.00000E+00  1.0E-07
  1.160E+02  7.19186E-01  6.90901E-28  2.46725E-11  0.00000E+00  1.0E-07
  1.165E+02  7.23099E-01  6.74403E-28  2.40834E-11  0.00000E+00  1.0E-07
  1.170E+02  7.26995E-01  6.58286E-28  2.35078E-11  0.00000E+00  1.0E-07
  1.175E+02  7.30874E-01  6.42545E-28  2.29457E-11  0.00000E+00  1.0E-07
  1.180E+02  7.34736E-01  6.27165E-28  2.23965E-11  0.00000E+00  1.0E-07
  1.185E+02  7.38579E-01  6.12141E-28  2.18600E-11  0.00000E+00  1.0E-07
  1.190E+02  7.42405E-01  5.97462E-28  2.13357E-11  0.00000E+00  1.0E-07
  1.195E+02  7.46212E-01  5.83121E-28  2.08236E-11  0.00000E+00  1.0E-07
  1.200E+02  7.50000E-01  5.69106E-28  2.03231E-11  0.00000E+00  1.0E-07
  1.205E+02  7.53769E-01  5.55411E-28  1.98341E-11  0.00000E+00  1.0E-07
  1.210E+02  7.57519E-01  5.42028E-28  1.93562E-11  0.00000E+00  1.0E-07
  1.215E+02  7.61249E-01  5.28950E-28  1.88891E-11  0.00000E+00  1.0E-07
  1.220E+02  7.64960E-01  5.16168E-28  1.84327E-11  0.00000E+00  1.0E-07
  1.225E+02  7.68650E-01  5.03673E-28  1.79865E-11  0.00000E+00  1.0E-07
  1.230E+02  7.72320E-01  4.91462E-28  1.75504E-11  0.00000E+00  1.0E-07
  1.235E+02  7.75968E-01  4.79525E-28  1.71242E-11  0.00000E+00  1.0E-07
  1.240E+02  7.79596E-01  4.67857E-28  1.67075E-11  0.00000E+00  1.0E-07
  1.245E+02  7.83203E-01  4.56450E-28  1.63001E-11  0.00000E+00  1.0E-07
  1.250E+02  7.86788E-01  4.45298E-28  1.59019E-11  0.00000E+00  1.0E-07
  1.255E+02  7.90351E-01  4.34396E-28  1.55126E-11  0.00000E+00  1.0E-07
  1.260E+02  7.93893E-01  4.23736E-28  1.51319E-11  0.00000E+00  1.0E-07
  1.265E+02  7.97411E-01  4.13314E-28  1.47597E-11  0.00000E+00  1.0E-07
  1.270E+02  8.00908E-01  4.03123E-28  1.43958E-11  0.00000E+00  1.0E-07
  1.275E+02  8.04381E-01  3.93159E-28  1.40400E-11  0.00000E+00  1.0E-07
  1.280E+02  8.07831E-01  3.83416E-28  1.36920E-11  0.00000E+00  1.0E-07
  1.285E+02  8.11257E-01  3.73888E-28  1.33518E-11  0.00000E+00  1.0E-07
  1.290E+02  8.14660E-01  3.64570E-28  1.30190E-11  0.00000E+00  1.1E-07
  1.295E+02  8.18039E-01  3.55459E-28  1.26937E-11  0.00000E+00  1.0E-07
  1.300E+02  8.21394E-01  3.46549E-28  1.23755E-11  0.00000E+00  1.0E-07
  1.305E+02  8.24724E-01  3.37835E-28  1.20643E-11  0.00000E+00  1.1E-07
  1.310E+02  8.28030E-01  3.29311E-28  1.17599E-11  0.00000E+00  1.0E-07
  1.315E+02  8.31310E-01  3.20977E-28  1.14623E-11  0.00000E+00  1.0E-07
  1.320E+02  8.34565E-01  3.12825E-28  1.11712E-11  0.00000E+00  1.2E-07
  1.325E+02  8.37795E-01  3.04852E-28  1.08865E-11  0.00000E+00  1.2E-07
  1.330E+02  8.40999E-01  2.97055E-28  1.06080E-11  0.00000E+00  1.0E-07
  1.335E+02  8.44177E-01  2.89428E-28  1.03357E-11  0.00000E+00  1.2E-07
  1.340E+02  8.47329E-01  2.81968E-28  1.00693E-11  0.00000E+00  1.2E-07
  1.345E+02  8.50455E-01  2.74673E-28  9.80876E-12  0.00000E+00  1.0E-07
  1.350E+02  8.53553E-01  2.67538E-28  9.55395E-12  0.00000E+00  1.2E-07
  1.355E+02  8.56625E-01  2.60558E-28  9.30471E-12  0.00000E+00  1.4E-07
  1.360E+02  8.59670E-01  2.53732E-28  9.06095E-12  0.00000E+00  1.2E-07
  1.365E+02  8.62687E-01  2.47056E-28  8.82253E-12  0.00000E+00  1.3E-07
  1.370E+02  8.65677E-01  2.40526E-28  8.58936E-12  0.00000E+00  1.4E-07
  1.375E+02  8.68639E-01  2.34140E-28  8.36128E-12  0.00000E+00  1.2E-07
  1.380E+02  8.71572E-01  2.27893E-28  8.13821E-12  0.00000E+00  1.2E-07
  1.385E+02  8.74478E-01  2.21785E-28  7.92010E-12  0.00000E+00  1.5E-07
  1.390E+02  8.77355E-01  2.15811E-28  7.70677E-12  0.00000E+00  1.5E-07
  1.395E+02  8.80203E-01  2.09970E-28  7.49816E-12  0.00000E+00  1.4E-07
  1.400E+02  8.83022E-01  2.04256E-28  7.29413E-12  0.00000E+00  1.6E-07
  1.405E+02  8.85812E-01  1.98669E-28  7.09460E-12  0.00000E+00  1.5E-07
  1.410E+02  8.88573E-01  1.93206E-28  6.89952E-12  0.00000E+00  1.2E-07
  1.415E+02  8.91304E-01  1.87864E-28  6.70874E-12  0.00000E+00  1.7E-07
  1.420E+02  8.94005E-01  1.82641E-28  6.52223E-12  0.00000E+00  1.8E-07
  1.425E+02  8.96677E-01  1.77535E-28  6.33988E-12  0.00000E+00  1.4E-07
  1.430E+02  8.99318E-01  1.72541E-28  6.16157E-12  0.00000E+00  1.8E-07
  1.435E+02  9.01928E-01  1.67661E-28  5.98727E-12  0.00000E+00  1.8E-07
  1.440E+02  9.04508E-01  1.62889E-28  5.81689E-12  0.00000E+00  1.4E-07
  1.445E+02  9.07058E-01  1.58225E-28  5.65033E-12  0.00000E+00  1.7E-07
  1.450E+02  9.09576E-01  1.53667E-28  5.48755E-12  0.00000E+00  2.0E-07
  1.455E+02  9.12063E-01  1.49213E-28  5.32848E-12  0.00000E+00  1.8E-07
  1.460E+02  9.14519E-01  1.44859E-28  5.17300E-12  0.00000E+00  1.9E-07
  1.465E+02  9.16943E-01  1.40605E-28  5.02109E-12  0.00000E+00  2.1E-07
  1.470E+02  9.19335E-01  1.36448E-28  4.87265E-12  0.00000E+00  1.8E-07
  1.475E+02  9.21696E-01  1.32388E-28  4.72766E-12  0.00000E+00  1.8E-07
  1.480E+02  9.24024E-01  1.28421E-28  4.58599E-12  0.00000E+00  2.3E-07
  1.485E+02  9.26320E-01  1.24547E-28  4.44764E-12  0.00000E+00  2.3E-07
  1.490E+02  9.28584E-01  1.20764E-28  4.31255E-12  0.00000E+00  2.0E-07
  1.495E+02  9.30815E-01  1.17069E-28  4.18060E-12  0.00000E+00  2.5E-07
  1.500E+02  9.33013E-01  1.13461E-28  4.05178E-12  0.00000E+00  2.3E-07
  1.505E+02  9.35178E-01  1.09940E-28  3.92604E-12  0.00000E+00  1.7E-07
  1.510E+02  9.37310E-01  1.06503E-28  3.80330E-12  0.00000E+00  2.5E-07
  1.515E+02  9.39409E-01  1.03150E-28  3.68355E-12  0.00000E+00  2.7E-07
  1.520E+02  9.41474E-01  9.98774E-29  3.56669E-12  0.00000E+00  2.3E-07
  1.525E+02  9.43505E-01  9.66858E-29  3.45271E-12  0.00000E+00  2.7E-07
  1.530E+02  9.45503E-01  9.35724E-29  3.34153E-12  0.00000E+00  2.9E-07
  1.535E+02  9.47467E-01  9.05370E-29  3.23314E-12  0.00000E+00  2.3E-07
  1.540E+02  9.49397E-01  8.75774E-29  3.12744E-12  0.00000E+00  2.7E-07
  1.545E+02  9.51293E-01  8.46933E-29  3.02445E-12  0.00000E+00  3.2E-07
  1.550E+02  9.53154E-01  8.18834E-29  2.92411E-12  0.00000E+00  2.9E-07
  1.555E+02  9.54981E-01  7.91458E-29  2.82635E-12  0.00000E+00  2.9E-07
  1.560E+02  9.56773E-01  7.64801E-29  2.73115E-12  0.00000E+00  3.5E-07
  1.565E+02  9.58530E-01  7.38846E-29  2.63847E-12  0.00000E+00  3.2E-07
  1.570E+02  9.60252E-01  7.13582E-29  2.54825E-12  0.00000E+00  2.9E-07
  1.575E+02  9.61940E-01  6.89008E-29  2.46049E-12  0.00000E+00  3.7E-07
  1.580E+02  9.63592E-01  6.65110E-29  2.37515E-12  0.00000E+00  3.7E-07
  1.585E+02  9.65209E-01  6.41872E-29  2.29217E-12  0.00000E+00  3.0E-07
  1.590E+02  9.66790E-01  6.19296E-29  2.21155E-12  0.00000E+00  4.0E-07
  1.595E+02  9.68336E-01  5.97356E-29  2.13320E-12  0.00000E+00  4.1E-07
  1.600E+02  9.69846E-01  5.76062E-29  2.05715E-12  0.00000E+00  3.2E-07
  1.605E+02  9.71321E-01  5.55394E-29  1.98335E-12  0.00000E+00  4.3E-07
  1.610E+02  9.72759E-01  5.35353E-29  1.91178E-12  0.00000E+00  4.6E-07
  1.615E+02  9.74162E-01  5.15919E-29  1.84238E-12  0.00000E+00  3.8E-07
  1.620E+02  9.75528E-01  4.97091E-29  1.77515E-12  0.00000E+00  4.4E-07
  1.625E+02  9.76858E-01  4.78864E-29  1.71005E-12  0.00000E+00  5.1E-07
  1.630E+02  9.78152E-01  4.61228E-29  1.64707E-12  0.00000E+00  4.7E-07
  1.635E+02  9.79410E-01  4.44176E-29  1.58618E-12  0.00000E+00  4.9E-07
  1.640E+02  9.80631E-01  4.27695E-29  1.52733E-12  0.00000E+00  5.7E-07
  1.645E+02  9.81815E-01  4.11793E-29  1.47054E-12  0.00000E+00  5.0E-07
  1.650E+02  9.82963E-01  3.96448E-29  1.41574E-12  0.00000E+00  4.6E-07
  1.655E+02  9.84074E-01  3.81669E-29  1.36297E-12  0.00000E+00  6.1E-07
  1.660E+02  9.85148E-01  3.67439E-29  1.31215E-12  0.00000E+00  6.4E-07
  1.665E+02  9.86185E-01  3.53756E-29  1.26328E-12  0.00000E+00  5.7E-07
  1.670E+02  9.87185E-01  3.40612E-29  1.21635E-12  0.00000E+00  7.1E-07
  1.675E+02  9.88148E-01  3.28012E-29  1.17135E-12  0.00000E+00  6.7E-07
  1.680E+02  9.89074E-01  3.15940E-29  1.12824E-12  0.00000E+00  4.5E-07
  1.685E+02  9.89962E-01  3.04393E-29  1.08701E-12  0.00000E+00  6.9E-07
  1.690E+02  9.90814E-01  2.93377E-29  1.04767E-12  0.00000E+00  8.3E-07
  1.695E+02  9.91627E-01  2.82873E-29  1.01016E-12  0.00000E+00  7.9E-07
  1.700E+02  9.92404E-01  2.72890E-29  9.74506E-13  0.00000E+00  8.9E-07
  1.705E+02  9.93143E-01  2.63412E-29  9.40662E-13  0.00000E+00  8.9E-07
  1.710E+02  9.93844E-01  2.54442E-29  9.08628E-13  0.00000E+00  6.4E-07
  1.715E+02  9.94508E-01  2.45974E-29  8.78391E-13  0.00000E+00  7.0E-07
  1.720E+02  9.95134E-01  2.38014E-29  8.49963E-13  0.00000E+00  1.0E-06
  1.725E+02  9.95722E-01  2.30545E-29  8.23290E-13  0.00000E+00  1.1E-06
  1.730E+02  9.96273E-01  2.23574E-29  7.98398E-13  0.00000E+00  1.2E-06
  1.735E+02  9.96786E-01  2.17095E-29  7.75259E-13  0.00000E+00  1.2E-06
  1.740E+02  9.97261E-01  2.11107E-29  7.53877E-13  0.00000E+00  9.1E-07
  1.745E+02  9.97698E-01  2.05603E-29  7.34220E-13  0.00000E+00  5.6E-07
  1.750E+02  9.98097E-01  2.00588E-29  7.16313E-13  0.00000E+00  1.1E-06
  1.755E+02  9.98459E-01  1.96053E-29  7.00119E-13  0.00000E+00  1.6E-06
  1.760E+02  9.98782E-01  1.92005E-29  6.85663E-13  0.00000E+00  1.7E-06
  1.765E+02  9.99067E-01  1.88434E-29  6.72911E-13  0.00000E+00  1.8E-06
  1.770E+02  9.99315E-01  1.85335E-29  6.61845E-13  0.00000E+00  1.4E-06
  1.775E+02  9.99524E-01  1.82724E-29  6.52521E-13  0.00000E+00  5.6E-07
  1.780E+02  9.99695E-01  1.80581E-29  6.44866E-13  0.00000E+00  1.2E-06
  1.785E+02  9.99829E-01  1.78923E-29  6.38947E-13  0.00000E+00  2.4E-06
  1.790E+02  9.99924E-01  1.77733E-29  6.34695E-13  0.00000E+00  3.5E-06
  1.795E+02  9.99981E-01  1.77022E-29  6.32158E-13  0.00000E+00  4.9E-06
  1.800E+02  1.00000E+00  1.76821E-29  6.31438E-13  0.00000E+00  2.3E-05
