 #
 # Subroutine ELSEPA. Elastic scattering of electrons and positrons
 #                    by neutral atoms and positive ions
 #
 # Projectile: electron
 # Kinetic energy = 3.70000E+06 eV = 1.35973E+05 a.u.
 #
 # WARNING: High-energy factorization with free-atom DF screening.
 #          Absorption, polarization and exchange corrections are
 #          switched off.
 #          Phase shifts are calculated for the bare nucleus.
 #          Scattering amplitudes are not evaluated.
 #
 # Element:  I,  Z =  53,  atomic weight = 1.26904E+02 g/mol
 #
 # Nuclear model: Fermi distribution
 #                Average radius = 5.37703E-13 cm
 #                Skin thickness = 5.46000E-14 cm
 #
 # Number of electrons = 53
 #
 # Total elastic cross section = 5.79767E-18 cm**2 = 2.07039E-01 a0**2
 # 1st transport cross section = 2.49278E-22 cm**2 = 8.90190E-06 a0**2
 # 2nd transport cross section = 6.89927E-22 cm**2 = 2.46377E-05 a0**2
 #
 #
 # Differential cross section:                       MU=(1-COS(THETA))/2
 #
 #  THETA        MU          DCS          DCS        Sherman      error
 #  (deg)                 (cm**2/sr)   (a0**2/sr)    function
 #----------------------------------------------------------------------
  0.000E+00  0.00000E+00  7.82520E-13  2.79443E+04  0.00000E+00  1.0E-05
  1.000E-04  7.61557E-13  7.82518E-13  2.79442E+04  0.00000E+00  1.0E-05
  1.250E-04  1.18994E-12  7.82516E-13  2.79442E+04  0.00000E+00  1.0E-05
  1.500E-04  1.71346E-12  7.82515E-13  2.79441E+04  0.00000E+00  1.0E-05
  1.750E-04  2.33225E-12  7.82513E-13  2.79440E+04  0.00000E+00  1.0E-05
  2.000E-04  3.04617E-12  7.82510E-13  2.79439E+04  0.00000E+00  1.0E-05
  2.250E-04  3.85530E-12  7.82508E-13  2.79439E+04  0.00000E+00  1.0E-05
  2.500E-04  4.75964E-12  7.82505E-13  2.79438E+04  0.00000E+00  1.0E-05
  2.750E-04  5.75917E-12  7.82501E-13  2.79436E+04  0.00000E+00  1.0E-05
  3.000E-04  6.85391E-12  7.82498E-13  2.79435E+04  0.00000E+00  1.0E-05
  3.250E-04  8.04379E-12  7.82494E-13  2.79434E+04  0.00000E+00  1.0E-05
  3.500E-04  9.32893E-12  7.82490E-13  2.79432E+04  0.00000E+00  1.0E-05
  3.750E-04  1.07092E-11  7.82485E-13  2.79431E+04  0.00000E+00  1.0E-05
  4.000E-04  1.21847E-11  7.82480E-13  2.79429E+04  0.00000E+00  1.0E-05
  4.250E-04  1.37554E-11  7.82475E-13  2.79427E+04  0.00000E+00  1.0E-05
  4.500E-04  1.54213E-11  7.82470E-13  2.79425E+04  0.00000E+00  1.0E-05
  4.750E-04  1.71823E-11  7.82464E-13  2.79423E+04  0.00000E+00  1.0E-05
  5.000E-04  1.90386E-11  7.82458E-13  2.79421E+04  0.00000E+00  1.0E-05
  5.250E-04  2.09900E-11  7.82452E-13  2.79419E+04  0.00000E+00  1.0E-05
  5.500E-04  2.30367E-11  7.82445E-13  2.79416E+04  0.00000E+00  1.0E-05
  5.750E-04  2.51785E-11  7.82438E-13  2.79414E+04  0.00000E+00  1.0E-05
  6.000E-04  2.74156E-11  7.82431E-13  2.79411E+04  0.00000E+00  1.0E-05
  6.250E-04  2.97478E-11  7.82423E-13  2.79408E+04  0.00000E+00  1.0E-05
  6.500E-04  3.21752E-11  7.82415E-13  2.79405E+04  0.00000E+00  1.0E-05
  6.750E-04  3.46979E-11  7.82407E-13  2.79403E+04  0.00000E+00  1.0E-05
  7.000E-04  3.73157E-11  7.82398E-13  2.79399E+04  0.00000E+00  1.0E-05
  7.250E-04  4.00286E-11  7.82389E-13  2.79396E+04  0.00000E+00  1.0E-05
  7.500E-04  4.28368E-11  7.82380E-13  2.79393E+04  0.00000E+00  1.0E-05
  7.750E-04  4.57402E-11  7.82371E-13  2.79390E+04  0.00000E+00  1.0E-05
  8.000E-04  4.87388E-11  7.82361E-13  2.79386E+04  0.00000E+00  1.0E-05
  8.250E-04  5.18325E-11  7.82351E-13  2.79382E+04  0.00000E+00  1.0E-05
  8.500E-04  5.50215E-11  7.82340E-13  2.79379E+04  0.00000E+00  1.0E-05
  8.750E-04  5.83057E-11  7.82329E-13  2.79375E+04  0.00000E+00  1.0E-05
  9.000E-04  6.16850E-11  7.82318E-13  2.79371E+04  0.00000E+00  1.0E-05
  9.250E-04  6.51595E-11  7.82307E-13  2.79367E+04  0.00000E+00  1.0E-05
  9.500E-04  6.87293E-11  7.82295E-13  2.79363E+04  0.00000E+00  1.0E-05
  9.750E-04  7.23943E-11  7.82283E-13  2.79358E+04  0.00000E+00  1.0E-05
  1.000E-03  7.61544E-11  7.82271E-13  2.79354E+04  0.00000E+00  1.0E-05
  1.250E-03  1.18991E-10  7.82130E-13  2.79304E+04  0.00000E+00  1.0E-05
  1.500E-03  1.71347E-10  7.81959E-13  2.79242E+04  0.00000E+00  1.0E-05
  1.750E-03  2.33223E-10  7.81756E-13  2.79170E+04  0.00000E+00  1.0E-05
  2.000E-03  3.04617E-10  7.81521E-13  2.79086E+04  0.00000E+00  1.0E-05
  2.250E-03  3.85531E-10  7.81256E-13  2.78992E+04  0.00000E+00  1.0E-05
  2.500E-03  4.75965E-10  7.80960E-13  2.78886E+04  0.00000E+00  1.0E-05
  2.750E-03  5.75917E-10  7.80632E-13  2.78769E+04  0.00000E+00  1.0E-05
  3.000E-03  6.85389E-10  7.80274E-13  2.78641E+04  0.00000E+00  1.0E-05
  3.250E-03  8.04380E-10  7.79885E-13  2.78502E+04  0.00000E+00  1.0E-05
  3.500E-03  9.32891E-10  7.79465E-13  2.78352E+04  0.00000E+00  1.0E-05
  3.750E-03  1.07092E-09  7.79014E-13  2.78191E+04  0.00000E+00  1.0E-05
  4.000E-03  1.21847E-09  7.78532E-13  2.78019E+04  0.00000E+00  1.0E-05
  4.250E-03  1.37554E-09  7.78020E-13  2.77836E+04  0.00000E+00  1.0E-05
  4.500E-03  1.54213E-09  7.77477E-13  2.77642E+04  0.00000E+00  1.0E-05
  4.750E-03  1.71823E-09  7.76904E-13  2.77437E+04  0.00000E+00  1.0E-05
  5.000E-03  1.90386E-09  7.76301E-13  2.77222E+04  0.00000E+00  1.0E-05
  5.250E-03  2.09900E-09  7.75667E-13  2.76996E+04  0.00000E+00  1.0E-05
  5.500E-03  2.30367E-09  7.75003E-13  2.76759E+04  0.00000E+00  1.0E-05
  5.750E-03  2.51785E-09  7.74309E-13  2.76511E+04  0.00000E+00  1.0E-05
  6.000E-03  2.74156E-09  7.73586E-13  2.76253E+04  0.00000E+00  1.0E-05
  6.250E-03  2.97478E-09  7.72833E-13  2.75984E+04  0.00000E+00  1.0E-05
  6.500E-03  3.21752E-09  7.72050E-13  2.75704E+04  0.00000E+00  1.0E-05
  6.750E-03  3.46978E-09  7.71237E-13  2.75414E+04  0.00000E+00  1.0E-05
  7.000E-03  3.73156E-09  7.70396E-13  2.75113E+04  0.00000E+00  1.0E-05
  7.250E-03  4.00286E-09  7.69525E-13  2.74802E+04  0.00000E+00  1.0E-05
  7.500E-03  4.28368E-09  7.68625E-13  2.74481E+04  0.00000E+00  1.0E-05
  7.750E-03  4.57402E-09  7.67696E-13  2.74149E+04  0.00000E+00  1.0E-05
  8.000E-03  4.87388E-09  7.66739E-13  2.73807E+04  0.00000E+00  1.0E-05
  8.250E-03  5.18326E-09  7.65753E-13  2.73455E+04  0.00000E+00  1.0E-05
  8.500E-03  5.50215E-09  7.64739E-13  2.73093E+04  0.00000E+00  1.0E-05
  8.750E-03  5.83057E-09  7.63696E-13  2.72721E+04  0.00000E+00  1.0E-05
  9.000E-03  6.16850E-09  7.62625E-13  2.72338E+04  0.00000E+00  1.0E-05
  9.250E-03  6.51596E-09  7.61527E-13  2.71946E+04  0.00000E+00  1.0E-05
  9.500E-03  6.87293E-09  7.60401E-13  2.71544E+04  0.00000E+00  1.0E-05
  9.750E-03  7.23942E-09  7.59248E-13  2.71132E+04  0.00000E+00  1.0E-05
  1.000E-02  7.61544E-09  7.58067E-13  2.70711E+04  0.00000E+00  1.0E-05
  1.250E-02  1.18991E-08  7.44807E-13  2.65975E+04  0.00000E+00  1.0E-05
  1.500E-02  1.71347E-08  7.28962E-13  2.60317E+04  0.00000E+00  1.0E-05
  1.750E-02  2.33223E-08  7.10973E-13  2.53893E+04  0.00000E+00  1.0E-05
  2.000E-02  3.04617E-08  6.91117E-13  2.46802E+04  0.00000E+00  1.0E-05
  2.250E-02  3.85531E-08  6.69505E-13  2.39085E+04  0.00000E+00  1.0E-05
  2.500E-02  4.75965E-08  6.46460E-13  2.30855E+04  0.00000E+00  1.0E-05
  2.750E-02  5.75917E-08  6.22438E-13  2.22277E+04  0.00000E+00  1.0E-05
  3.000E-02  6.85389E-08  5.97756E-13  2.13463E+04  0.00000E+00  1.0E-05
  3.250E-02  8.04380E-08  5.72513E-13  2.04448E+04  0.00000E+00  1.0E-05
  3.500E-02  9.32891E-08  5.46867E-13  1.95290E+04  0.00000E+00  1.0E-05
  3.750E-02  1.07092E-07  5.21323E-13  1.86168E+04  0.00000E+00  1.0E-05
  4.000E-02  1.21847E-07  4.96089E-13  1.77157E+04  0.00000E+00  1.0E-05
  4.250E-02  1.37554E-07  4.71246E-13  1.68285E+04  0.00000E+00  1.0E-05
  4.500E-02  1.54213E-07  4.46712E-13  1.59524E+04  0.00000E+00  1.0E-05
  4.750E-02  1.71823E-07  4.22950E-13  1.51038E+04  0.00000E+00  1.0E-05
  5.000E-02  1.90386E-07  4.00048E-13  1.42860E+04  0.00000E+00  1.0E-05
  5.250E-02  2.09900E-07  3.78062E-13  1.35009E+04  0.00000E+00  1.0E-05
  5.500E-02  2.30367E-07  3.56742E-13  1.27395E+04  0.00000E+00  1.0E-05
  5.750E-02  2.51785E-07  3.36458E-13  1.20151E+04  0.00000E+00  1.0E-05
  6.000E-02  2.74156E-07  3.17212E-13  1.13278E+04  0.00000E+00  1.0E-05
  6.250E-02  2.97478E-07  2.98994E-13  1.06773E+04  0.00000E+00  1.0E-05
  6.500E-02  3.21752E-07  2.81620E-13  1.00568E+04  0.00000E+00  1.0E-05
  6.750E-02  3.46978E-07  2.65232E-13  9.47159E+03  0.00000E+00  1.0E-05
  7.000E-02  3.73156E-07  2.49830E-13  8.92158E+03  0.00000E+00  1.0E-05
  7.250E-02  4.00286E-07  2.35371E-13  8.40526E+03  0.00000E+00  1.0E-05
  7.500E-02  4.28368E-07  2.21732E-13  7.91820E+03  0.00000E+00  1.0E-05
  7.750E-02  4.57402E-07  2.08923E-13  7.46077E+03  0.00000E+00  1.0E-05
  8.000E-02  4.87388E-07  1.96947E-13  7.03310E+03  0.00000E+00  1.0E-05
  8.250E-02  5.18325E-07  1.85753E-13  6.63335E+03  0.00000E+00  1.0E-05
  8.500E-02  5.50215E-07  1.75259E-13  6.25860E+03  0.00000E+00  1.0E-05
  8.750E-02  5.83057E-07  1.65419E-13  5.90723E+03  0.00000E+00  1.0E-05
  9.000E-02  6.16850E-07  1.56239E-13  5.57938E+03  0.00000E+00  1.0E-05
  9.250E-02  6.51596E-07  1.47670E-13  5.27339E+03  0.00000E+00  1.0E-05
  9.500E-02  6.87293E-07  1.39659E-13  4.98732E+03  0.00000E+00  1.0E-05
  9.750E-02  7.23942E-07  1.32146E-13  4.71903E+03  0.00000E+00  1.0E-05
  1.000E-01  7.61543E-07  1.25135E-13  4.46864E+03  0.00000E+00  1.0E-05
  1.250E-01  1.18991E-06  7.54725E-14  2.69517E+03  0.00000E+00  1.0E-05
  1.500E-01  1.71347E-06  4.81530E-14  1.71957E+03  0.00000E+00  1.0E-05
  1.750E-01  2.33223E-06  3.26295E-14  1.16522E+03  0.00000E+00  1.0E-05
  2.000E-01  3.04617E-06  2.29535E-14  8.19685E+02  0.00000E+00  1.0E-05
  2.250E-01  3.85531E-06  1.64476E-14  5.87353E+02  0.00000E+00  1.0E-05
  2.500E-01  4.75964E-06  1.20115E-14  4.28938E+02  0.00000E+00  1.0E-05
  2.750E-01  5.75916E-06  8.95327E-15  3.19727E+02  0.00000E+00  1.0E-05
  3.000E-01  6.85388E-06  6.79236E-15  2.42560E+02  0.00000E+00  1.0E-05
  3.250E-01  8.04378E-06  5.23029E-15  1.86777E+02  0.00000E+00  1.0E-05
  3.500E-01  9.32888E-06  4.09032E-15  1.46068E+02  0.00000E+00  1.0E-05
  3.750E-01  1.07092E-05  3.25159E-15  1.16116E+02  0.00000E+00  1.0E-05
  4.000E-01  1.21846E-05  2.62324E-15  9.36775E+01  0.00000E+00  1.0E-05
  4.250E-01  1.37553E-05  2.14443E-15  7.65791E+01  0.00000E+00  1.0E-05
  4.500E-01  1.54212E-05  1.77311E-15  6.33189E+01  0.00000E+00  1.0E-05
  4.750E-01  1.71822E-05  1.48213E-15  5.29277E+01  0.00000E+00  1.0E-05
  5.000E-01  1.90385E-05  1.25041E-15  4.46530E+01  0.00000E+00  1.0E-05
  5.250E-01  2.09899E-05  1.06457E-15  3.80165E+01  0.00000E+00  1.0E-05
  5.500E-01  2.30365E-05  9.11936E-16  3.25658E+01  0.00000E+00  1.0E-05
  5.750E-01  2.51783E-05  7.86116E-16  2.80727E+01  0.00000E+00  1.0E-05
  6.000E-01  2.74153E-05  6.81443E-16  2.43348E+01  0.00000E+00  1.0E-05
  6.250E-01  2.97475E-05  5.93680E-16  2.12007E+01  0.00000E+00  1.0E-05
  6.500E-01  3.21749E-05  5.19271E-16  1.85435E+01  0.00000E+00  1.0E-05
  6.750E-01  3.46974E-05  4.55880E-16  1.62798E+01  0.00000E+00  1.0E-05
  7.000E-01  3.73152E-05  4.01778E-16  1.43478E+01  0.00000E+00  1.0E-05
  7.250E-01  4.00281E-05  3.55410E-16  1.26919E+01  0.00000E+00  1.0E-05
  7.500E-01  4.28362E-05  3.15337E-16  1.12609E+01  0.00000E+00  1.0E-05
  7.750E-01  4.57395E-05  2.80629E-16  1.00215E+01  0.00000E+00  1.0E-05
  8.000E-01  4.87380E-05  2.50505E-16  8.94571E+00  0.00000E+00  1.0E-05
  8.250E-01  5.18317E-05  2.24251E-16  8.00814E+00  0.00000E+00  1.0E-05
  8.500E-01  5.50205E-05  2.01245E-16  7.18661E+00  0.00000E+00  1.0E-05
  8.750E-01  5.83045E-05  1.81027E-16  6.46461E+00  0.00000E+00  1.0E-05
  9.000E-01  6.16838E-05  1.63258E-16  5.83004E+00  0.00000E+00  1.0E-05
  9.250E-01  6.51582E-05  1.47594E-16  5.27069E+00  0.00000E+00  1.0E-05
  9.500E-01  6.87277E-05  1.33741E-16  4.77597E+00  0.00000E+00  1.0E-05
  9.750E-01  7.23925E-05  1.21445E-16  4.33688E+00  0.00000E+00  1.0E-05
  1.000E+00  7.61524E-05  1.10531E-16  3.94715E+00  0.00000E+00  5.2E-06
  1.100E+00  9.21439E-05  7.74256E-17  2.76492E+00  0.00000E+00  3.9E-06
  1.200E+00  1.09658E-04  5.58777E-17  1.99543E+00  0.00000E+00  2.1E-06
  1.300E+00  1.28695E-04  4.13681E-17  1.47728E+00  0.00000E+00  4.2E-07
  1.400E+00  1.49255E-04  3.12923E-17  1.11747E+00  0.00000E+00  8.3E-07
  1.500E+00  1.71338E-04  2.41371E-17  8.61952E-01  0.00000E+00  1.5E-06
  1.600E+00  1.94942E-04  1.89289E-17  6.75963E-01  0.00000E+00  1.6E-06
  1.700E+00  2.20070E-04  1.50573E-17  5.37705E-01  0.00000E+00  1.3E-06
  1.800E+00  2.46720E-04  1.21251E-17  4.32997E-01  0.00000E+00  7.2E-07
  1.900E+00  2.74892E-04  9.87526E-18  3.52652E-01  0.00000E+00  1.2E-07
  2.000E+00  3.04586E-04  8.12489E-18  2.90145E-01  0.00000E+00  3.8E-07
  2.100E+00  3.35803E-04  6.74586E-18  2.40899E-01  0.00000E+00  6.7E-07
  2.200E+00  3.68542E-04  5.64487E-18  2.01582E-01  0.00000E+00  7.2E-07
  2.300E+00  4.02802E-04  4.75969E-18  1.69972E-01  0.00000E+00  5.9E-07
  2.400E+00  4.38585E-04  4.04136E-18  1.44320E-01  0.00000E+00  3.3E-07
  2.500E+00  4.75889E-04  3.45350E-18  1.23327E-01  0.00000E+00  1.0E-07
  2.600E+00  5.14715E-04  2.96794E-18  1.05987E-01  0.00000E+00  2.2E-07
  2.700E+00  5.55063E-04  2.56475E-18  9.15888E-02  0.00000E+00  3.7E-07
  2.800E+00  5.96931E-04  2.22776E-18  7.95547E-02  0.00000E+00  4.0E-07
  2.900E+00  6.40321E-04  1.94433E-18  6.94334E-02  0.00000E+00  3.2E-07
  3.000E+00  6.85233E-04  1.70443E-18  6.08663E-02  0.00000E+00  1.7E-07
  3.100E+00  7.31665E-04  1.50038E-18  5.35797E-02  0.00000E+00  1.0E-07
  3.200E+00  7.79618E-04  1.32602E-18  4.73531E-02  0.00000E+00  1.4E-07
  3.300E+00  8.29092E-04  1.17630E-18  4.20066E-02  0.00000E+00  2.3E-07
  3.400E+00  8.80086E-04  1.04713E-18  3.73938E-02  0.00000E+00  2.4E-07
  3.500E+00  9.32601E-04  9.35212E-19  3.33970E-02  0.00000E+00  1.9E-07
  3.600E+00  9.86636E-04  8.37896E-19  2.99218E-02  0.00000E+00  1.0E-07
  3.700E+00  1.04219E-03  7.52954E-19  2.68885E-02  0.00000E+00  1.0E-07
  3.800E+00  1.09927E-03  6.78531E-19  2.42308E-02  0.00000E+00  1.0E-07
  3.900E+00  1.15786E-03  6.13088E-19  2.18938E-02  0.00000E+00  1.5E-07
  4.000E+00  1.21797E-03  5.55380E-19  1.98330E-02  0.00000E+00  1.6E-07
  4.100E+00  1.27961E-03  5.04332E-19  1.80100E-02  0.00000E+00  1.3E-07
  4.200E+00  1.34276E-03  4.59040E-19  1.63926E-02  0.00000E+00  1.0E-07
  4.300E+00  1.40743E-03  4.18729E-19  1.49531E-02  0.00000E+00  1.0E-07
  4.400E+00  1.47362E-03  3.82768E-19  1.36689E-02  0.00000E+00  1.0E-07
  4.500E+00  1.54133E-03  3.50604E-19  1.25203E-02  0.00000E+00  1.1E-07
  4.600E+00  1.61056E-03  3.21766E-19  1.14905E-02  0.00000E+00  1.1E-07
  4.700E+00  1.68131E-03  2.95841E-19  1.05647E-02  0.00000E+00  1.0E-07
  4.800E+00  1.75357E-03  2.72488E-19  9.73072E-03  0.00000E+00  1.0E-07
  4.900E+00  1.82735E-03  2.51407E-19  8.97791E-03  0.00000E+00  1.0E-07
  5.000E+00  1.90265E-03  2.32337E-19  8.29691E-03  0.00000E+00  1.0E-07
  5.100E+00  1.97947E-03  2.15048E-19  7.67951E-03  0.00000E+00  1.0E-07
  5.200E+00  2.05780E-03  1.99346E-19  7.11878E-03  0.00000E+00  1.0E-07
  5.300E+00  2.13765E-03  1.85060E-19  6.60860E-03  0.00000E+00  1.0E-07
  5.400E+00  2.21902E-03  1.72038E-19  6.14358E-03  0.00000E+00  1.0E-07
  5.500E+00  2.30190E-03  1.60147E-19  5.71895E-03  0.00000E+00  1.0E-07
  5.600E+00  2.38630E-03  1.49271E-19  5.33055E-03  0.00000E+00  1.0E-07
  5.700E+00  2.47222E-03  1.39308E-19  4.97478E-03  0.00000E+00  1.0E-07
  5.800E+00  2.55965E-03  1.30168E-19  4.64838E-03  0.00000E+00  1.0E-07
  5.900E+00  2.64859E-03  1.21769E-19  4.34846E-03  0.00000E+00  1.0E-07
  6.000E+00  2.73905E-03  1.14040E-19  4.07246E-03  0.00000E+00  1.0E-07
  6.100E+00  2.83103E-03  1.06919E-19  3.81815E-03  0.00000E+00  1.0E-07
  6.200E+00  2.92452E-03  1.00349E-19  3.58352E-03  0.00000E+00  1.0E-07
  6.300E+00  3.01952E-03  9.42784E-20  3.36674E-03  0.00000E+00  1.0E-07
  6.400E+00  3.11604E-03  8.86623E-20  3.16619E-03  0.00000E+00  1.0E-07
  6.500E+00  3.21407E-03  8.34610E-20  2.98045E-03  0.00000E+00  1.0E-07
  6.600E+00  3.31362E-03  7.86381E-20  2.80822E-03  0.00000E+00  1.0E-07
  6.700E+00  3.41468E-03  7.41610E-20  2.64834E-03  0.00000E+00  1.0E-07
  6.800E+00  3.51725E-03  6.99995E-20  2.49973E-03  0.00000E+00  1.0E-07
  6.900E+00  3.62133E-03  6.61277E-20  2.36146E-03  0.00000E+00  1.0E-07
  7.000E+00  3.72692E-03  6.25219E-20  2.23270E-03  0.00000E+00  1.0E-07
  7.100E+00  3.83403E-03  5.91602E-20  2.11265E-03  0.00000E+00  1.0E-07
  7.200E+00  3.94265E-03  5.60227E-20  2.00061E-03  0.00000E+00  1.0E-07
  7.300E+00  4.05278E-03  5.30918E-20  1.89594E-03  0.00000E+00  1.0E-07
  7.400E+00  4.16442E-03  5.03515E-20  1.79808E-03  0.00000E+00  1.0E-07
  7.500E+00  4.27757E-03  4.77870E-20  1.70650E-03  0.00000E+00  1.0E-07
  7.600E+00  4.39223E-03  4.53847E-20  1.62072E-03  0.00000E+00  1.0E-07
  7.700E+00  4.50840E-03  4.31325E-20  1.54029E-03  0.00000E+00  1.0E-07
  7.800E+00  4.62608E-03  4.10193E-20  1.46482E-03  0.00000E+00  1.0E-07
  7.900E+00  4.74527E-03  3.90349E-20  1.39396E-03  0.00000E+00  1.0E-07
  8.000E+00  4.86597E-03  3.71699E-20  1.32736E-03  0.00000E+00  1.0E-07
  8.100E+00  4.98817E-03  3.54156E-20  1.26472E-03  0.00000E+00  1.0E-07
  8.200E+00  5.11188E-03  3.37645E-20  1.20575E-03  0.00000E+00  1.0E-07
  8.300E+00  5.23711E-03  3.22092E-20  1.15021E-03  0.00000E+00  1.0E-07
  8.400E+00  5.36383E-03  3.07432E-20  1.09786E-03  0.00000E+00  1.0E-07
  8.500E+00  5.49207E-03  2.93601E-20  1.04847E-03  0.00000E+00  1.0E-07
  8.600E+00  5.62181E-03  2.80546E-20  1.00185E-03  0.00000E+00  1.0E-07
  8.700E+00  5.75306E-03  2.68214E-20  9.57810E-04  0.00000E+00  1.0E-07
  8.800E+00  5.88581E-03  2.56558E-20  9.16186E-04  0.00000E+00  1.0E-07
  8.900E+00  6.02007E-03  2.45533E-20  8.76813E-04  0.00000E+00  1.0E-07
  9.000E+00  6.15583E-03  2.35098E-20  8.39551E-04  0.00000E+00  1.0E-07
  9.100E+00  6.29310E-03  2.25217E-20  8.04265E-04  0.00000E+00  1.0E-07
  9.200E+00  6.43187E-03  2.15854E-20  7.70828E-04  0.00000E+00  1.0E-07
  9.300E+00  6.57214E-03  2.06976E-20  7.39125E-04  0.00000E+00  1.0E-07
  9.400E+00  6.71392E-03  1.98554E-20  7.09048E-04  0.00000E+00  1.0E-07
  9.500E+00  6.85720E-03  1.90559E-20  6.80499E-04  0.00000E+00  1.0E-07
  9.600E+00  7.00198E-03  1.82967E-20  6.53386E-04  0.00000E+00  1.0E-07
  9.700E+00  7.14827E-03  1.75752E-20  6.27620E-04  0.00000E+00  1.0E-07
  9.800E+00  7.29605E-03  1.68892E-20  6.03124E-04  0.00000E+00  1.0E-07
  9.900E+00  7.44534E-03  1.62367E-20  5.79822E-04  0.00000E+00  1.0E-07
  1.000E+01  7.59612E-03  1.56156E-20  5.57644E-04  0.00000E+00  1.0E-07
  1.025E+01  7.97965E-03  1.41892E-20  5.06707E-04  0.00000E+00  1.0E-07
  1.050E+01  8.37255E-03  1.29234E-20  4.61504E-04  0.00000E+00  1.0E-07
  1.075E+01  8.77480E-03  1.17969E-20  4.21276E-04  0.00000E+00  1.0E-07
  1.100E+01  9.18641E-03  1.07917E-20  3.85378E-04  0.00000E+00  1.0E-07
  1.125E+01  9.60736E-03  9.89224E-21  3.53258E-04  0.00000E+00  1.0E-07
  1.150E+01  1.00376E-02  9.08549E-21  3.24449E-04  0.00000E+00  1.0E-07
  1.175E+01  1.04773E-02  8.36015E-21  2.98546E-04  0.00000E+00  1.0E-07
  1.200E+01  1.09262E-02  7.70651E-21  2.75204E-04  0.00000E+00  1.0E-07
  1.225E+01  1.13844E-02  7.11618E-21  2.54123E-04  0.00000E+00  1.0E-07
  1.250E+01  1.18520E-02  6.58192E-21  2.35045E-04  0.00000E+00  1.0E-07
  1.275E+01  1.23288E-02  6.09741E-21  2.17743E-04  0.00000E+00  1.0E-07
  1.300E+01  1.28150E-02  5.65718E-21  2.02022E-04  0.00000E+00  1.0E-07
  1.325E+01  1.33104E-02  5.25640E-21  1.87710E-04  0.00000E+00  1.0E-07
  1.350E+01  1.38150E-02  4.89095E-21  1.74659E-04  0.00000E+00  1.0E-07
  1.375E+01  1.43290E-02  4.55707E-21  1.62736E-04  0.00000E+00  1.0E-07
  1.400E+01  1.48521E-02  4.25155E-21  1.51826E-04  0.00000E+00  1.0E-07
  1.425E+01  1.53845E-02  3.97153E-21  1.41826E-04  0.00000E+00  1.0E-07
  1.450E+01  1.59262E-02  3.71450E-21  1.32647E-04  0.00000E+00  1.0E-07
  1.475E+01  1.64770E-02  3.47819E-21  1.24208E-04  0.00000E+00  1.0E-07
  1.500E+01  1.70371E-02  3.26061E-21  1.16439E-04  0.00000E+00  1.0E-07
  1.525E+01  1.76063E-02  3.06003E-21  1.09276E-04  0.00000E+00  1.0E-07
  1.550E+01  1.81848E-02  2.87484E-21  1.02663E-04  0.00000E+00  1.0E-07
  1.575E+01  1.87724E-02  2.70365E-21  9.65492E-05  0.00000E+00  1.0E-07
  1.600E+01  1.93692E-02  2.54519E-21  9.08904E-05  0.00000E+00  1.0E-07
  1.625E+01  1.99751E-02  2.39834E-21  8.56463E-05  0.00000E+00  1.0E-07
  1.650E+01  2.05901E-02  2.26209E-21  8.07807E-05  0.00000E+00  1.0E-07
  1.675E+01  2.12143E-02  2.13552E-21  7.62608E-05  0.00000E+00  1.0E-07
  1.700E+01  2.18476E-02  2.01781E-21  7.20573E-05  0.00000E+00  1.0E-07
  1.725E+01  2.24900E-02  1.90823E-21  6.81440E-05  0.00000E+00  1.0E-07
  1.750E+01  2.31415E-02  1.80610E-21  6.44968E-05  0.00000E+00  1.0E-07
  1.775E+01  2.38021E-02  1.71082E-21  6.10944E-05  0.00000E+00  1.0E-07
  1.800E+01  2.44717E-02  1.62183E-21  5.79168E-05  0.00000E+00  1.0E-07
  1.825E+01  2.51504E-02  1.53866E-21  5.49465E-05  0.00000E+00  1.0E-07
  1.850E+01  2.58382E-02  1.46083E-21  5.21673E-05  0.00000E+00  1.0E-07
  1.875E+01  2.65349E-02  1.38795E-21  4.95645E-05  0.00000E+00  1.0E-07
  1.900E+01  2.72407E-02  1.31963E-21  4.71247E-05  0.00000E+00  1.0E-07
  1.925E+01  2.79555E-02  1.25553E-21  4.48358E-05  0.00000E+00  1.0E-07
  1.950E+01  2.86793E-02  1.19534E-21  4.26865E-05  0.00000E+00  1.0E-07
  1.975E+01  2.94120E-02  1.13878E-21  4.06667E-05  0.00000E+00  1.0E-07
  2.000E+01  3.01537E-02  1.08559E-21  3.87670E-05  0.00000E+00  1.0E-07
  2.025E+01  3.09043E-02  1.03551E-21  3.69789E-05  0.00000E+00  1.0E-07
  2.050E+01  3.16639E-02  9.88347E-22  3.52945E-05  0.00000E+00  1.0E-07
  2.075E+01  3.24324E-02  9.43883E-22  3.37067E-05  0.00000E+00  1.0E-07
  2.100E+01  3.32098E-02  9.01937E-22  3.22087E-05  0.00000E+00  1.0E-07
  2.125E+01  3.39961E-02  8.62337E-22  3.07946E-05  0.00000E+00  1.0E-07
  2.150E+01  3.47912E-02  8.24926E-22  2.94587E-05  0.00000E+00  1.0E-07
  2.175E+01  3.55952E-02  7.89561E-22  2.81957E-05  0.00000E+00  1.0E-07
  2.200E+01  3.64081E-02  7.56105E-22  2.70010E-05  0.00000E+00  1.0E-07
  2.225E+01  3.72297E-02  7.24435E-22  2.58700E-05  0.00000E+00  1.0E-07
  2.250E+01  3.80602E-02  6.94438E-22  2.47988E-05  0.00000E+00  1.0E-07
  2.275E+01  3.88995E-02  6.66007E-22  2.37835E-05  0.00000E+00  1.0E-07
  2.300E+01  3.97476E-02  6.39043E-22  2.28206E-05  0.00000E+00  1.0E-07
  2.325E+01  4.06044E-02  6.13457E-22  2.19069E-05  0.00000E+00  1.0E-07
  2.350E+01  4.14700E-02  5.89163E-22  2.10394E-05  0.00000E+00  1.0E-07
  2.375E+01  4.23443E-02  5.66083E-22  2.02152E-05  0.00000E+00  1.0E-07
  2.400E+01  4.32273E-02  5.44145E-22  1.94318E-05  0.00000E+00  1.0E-07
  2.425E+01  4.41190E-02  5.23279E-22  1.86866E-05  0.00000E+00  1.0E-07
  2.450E+01  4.50194E-02  5.03423E-22  1.79776E-05  0.00000E+00  1.0E-07
  2.475E+01  4.59284E-02  4.84520E-22  1.73025E-05  0.00000E+00  1.0E-07
  2.500E+01  4.68461E-02  4.66513E-22  1.66595E-05  0.00000E+00  1.0E-07
  2.550E+01  4.87074E-02  4.32987E-22  1.54622E-05  0.00000E+00  1.0E-07
  2.600E+01  5.06030E-02  4.02476E-22  1.43727E-05  0.00000E+00  1.0E-07
  2.650E+01  5.25328E-02  3.74658E-22  1.33793E-05  0.00000E+00  1.0E-07
  2.700E+01  5.44967E-02  3.49248E-22  1.24719E-05  0.00000E+00  1.0E-07
  2.750E+01  5.64946E-02  3.25997E-22  1.16416E-05  0.00000E+00  1.0E-07
  2.800E+01  5.85262E-02  3.04687E-22  1.08806E-05  0.00000E+00  1.0E-07
  2.850E+01  6.05914E-02  2.85124E-22  1.01820E-05  0.00000E+00  1.0E-07
  2.900E+01  6.26901E-02  2.67137E-22  9.53963E-06  0.00000E+00  1.0E-07
  2.950E+01  6.48222E-02  2.50573E-22  8.94813E-06  0.00000E+00  1.0E-07
  3.000E+01  6.69873E-02  2.35299E-22  8.40268E-06  0.00000E+00  1.0E-07
  3.050E+01  6.91854E-02  2.21194E-22  7.89896E-06  0.00000E+00  1.0E-07
  3.100E+01  7.14163E-02  2.08150E-22  7.43317E-06  0.00000E+00  1.0E-07
  3.150E+01  7.36799E-02  1.96073E-22  7.00188E-06  0.00000E+00  1.0E-07
  3.200E+01  7.59760E-02  1.84876E-22  6.60203E-06  0.00000E+00  1.0E-07
  3.250E+01  7.83043E-02  1.74482E-22  6.23087E-06  0.00000E+00  1.0E-07
  3.300E+01  8.06647E-02  1.64823E-22  5.88592E-06  0.00000E+00  1.0E-07
  3.350E+01  8.30571E-02  1.55835E-22  5.56497E-06  0.00000E+00  1.0E-07
  3.400E+01  8.54812E-02  1.47463E-22  5.26602E-06  0.00000E+00  1.0E-07
  3.450E+01  8.79369E-02  1.39657E-22  4.98724E-06  0.00000E+00  1.0E-07
  3.500E+01  9.04240E-02  1.32370E-22  4.72702E-06  0.00000E+00  1.0E-07
  3.550E+01  9.29422E-02  1.25561E-22  4.48386E-06  0.00000E+00  1.0E-07
  3.600E+01  9.54915E-02  1.19192E-22  4.25643E-06  0.00000E+00  1.0E-07
  3.650E+01  9.80716E-02  1.13229E-22  4.04349E-06  0.00000E+00  1.0E-07
  3.700E+01  1.00682E-01  1.07641E-22  3.84394E-06  0.00000E+00  1.0E-07
  3.750E+01  1.03323E-01  1.02400E-22  3.65677E-06  0.00000E+00  1.0E-07
  3.800E+01  1.05995E-01  9.74791E-23  3.48104E-06  0.00000E+00  1.0E-07
  3.850E+01  1.08696E-01  9.28553E-23  3.31592E-06  0.00000E+00  1.0E-07
  3.900E+01  1.11427E-01  8.85070E-23  3.16064E-06  0.00000E+00  1.0E-07
  3.950E+01  1.14188E-01  8.44143E-23  3.01449E-06  0.00000E+00  1.0E-07
  4.000E+01  1.16978E-01  8.05593E-23  2.87683E-06  0.00000E+00  1.0E-07
  4.050E+01  1.19797E-01  7.69253E-23  2.74705E-06  0.00000E+00  1.0E-07
  4.100E+01  1.22645E-01  7.34971E-23  2.62463E-06  0.00000E+00  1.0E-07
  4.150E+01  1.25522E-01  7.02606E-23  2.50905E-06  0.00000E+00  1.0E-07
  4.200E+01  1.28428E-01  6.72028E-23  2.39986E-06  0.00000E+00  1.0E-07
  4.250E+01  1.31361E-01  6.43119E-23  2.29662E-06  0.00000E+00  1.0E-07
  4.300E+01  1.34323E-01  6.15768E-23  2.19895E-06  0.00000E+00  1.0E-07
  4.350E+01  1.37313E-01  5.89874E-23  2.10648E-06  0.00000E+00  1.0E-07
  4.400E+01  1.40330E-01  5.65345E-23  2.01888E-06  0.00000E+00  1.0E-07
  4.450E+01  1.43375E-01  5.42092E-23  1.93585E-06  0.00000E+00  1.0E-07
  4.500E+01  1.46447E-01  5.20037E-23  1.85709E-06  0.00000E+00  1.0E-07
  4.550E+01  1.49545E-01  4.99105E-23  1.78234E-06  0.00000E+00  1.0E-07
  4.600E+01  1.52671E-01  4.79226E-23  1.71135E-06  0.00000E+00  1.0E-07
  4.650E+01  1.55823E-01  4.60337E-23  1.64390E-06  0.00000E+00  1.0E-07
  4.700E+01  1.59001E-01  4.42379E-23  1.57976E-06  0.00000E+00  1.0E-07
  4.750E+01  1.62205E-01  4.25294E-23  1.51875E-06  0.00000E+00  1.0E-07
  4.800E+01  1.65435E-01  4.09033E-23  1.46068E-06  0.00000E+00  1.0E-07
  4.850E+01  1.68690E-01  3.93548E-23  1.40538E-06  0.00000E+00  1.0E-07
  4.900E+01  1.71970E-01  3.78793E-23  1.35269E-06  0.00000E+00  1.0E-07
  4.950E+01  1.75276E-01  3.64727E-23  1.30247E-06  0.00000E+00  1.0E-07
  5.000E+01  1.78606E-01  3.51313E-23  1.25456E-06  0.00000E+00  1.0E-07
  5.050E+01  1.81961E-01  3.38512E-23  1.20885E-06  0.00000E+00  1.0E-07
  5.100E+01  1.85340E-01  3.26291E-23  1.16521E-06  0.00000E+00  1.0E-07
  5.150E+01  1.88743E-01  3.14619E-23  1.12352E-06  0.00000E+00  1.0E-07
  5.200E+01  1.92169E-01  3.03465E-23  1.08369E-06  0.00000E+00  1.0E-07
  5.250E+01  1.95619E-01  2.92801E-23  1.04561E-06  0.00000E+00  1.0E-07
  5.300E+01  1.99092E-01  2.82603E-23  1.00919E-06  0.00000E+00  1.0E-07
  5.350E+01  2.02589E-01  2.72844E-23  9.74343E-07  0.00000E+00  1.0E-07
  5.400E+01  2.06107E-01  2.63503E-23  9.40985E-07  0.00000E+00  1.0E-07
  5.450E+01  2.09649E-01  2.54557E-23  9.09041E-07  0.00000E+00  1.0E-07
  5.500E+01  2.13212E-01  2.45987E-23  8.78437E-07  0.00000E+00  1.0E-07
  5.550E+01  2.16797E-01  2.37774E-23  8.49107E-07  0.00000E+00  1.0E-07
  5.600E+01  2.20404E-01  2.29899E-23  8.20985E-07  0.00000E+00  1.0E-07
  5.650E+01  2.24032E-01  2.22346E-23  7.94012E-07  0.00000E+00  1.0E-07
  5.700E+01  2.27680E-01  2.15098E-23  7.68130E-07  0.00000E+00  1.0E-07
  5.750E+01  2.31350E-01  2.08141E-23  7.43287E-07  0.00000E+00  1.0E-07
  5.800E+01  2.35040E-01  2.01461E-23  7.19431E-07  0.00000E+00  1.0E-07
  5.850E+01  2.38751E-01  1.95045E-23  6.96517E-07  0.00000E+00  1.0E-07
  5.900E+01  2.42481E-01  1.88879E-23  6.74498E-07  0.00000E+00  1.0E-07
  5.950E+01  2.46231E-01  1.82952E-23  6.53334E-07  0.00000E+00  1.0E-07
  6.000E+01  2.50000E-01  1.77253E-23  6.32984E-07  0.00000E+00  1.0E-07
  6.050E+01  2.53788E-01  1.71772E-23  6.13409E-07  0.00000E+00  1.0E-07
  6.100E+01  2.57595E-01  1.66498E-23  5.94575E-07  0.00000E+00  1.0E-07
  6.150E+01  2.61421E-01  1.61422E-23  5.76447E-07  0.00000E+00  1.0E-07
  6.200E+01  2.65264E-01  1.56534E-23  5.58993E-07  0.00000E+00  1.0E-07
  6.250E+01  2.69126E-01  1.51827E-23  5.42183E-07  0.00000E+00  1.0E-07
  6.300E+01  2.73005E-01  1.47292E-23  5.25988E-07  0.00000E+00  1.0E-07
  6.350E+01  2.76901E-01  1.42921E-23  5.10381E-07  0.00000E+00  1.0E-07
  6.400E+01  2.80814E-01  1.38709E-23  4.95337E-07  0.00000E+00  1.0E-07
  6.450E+01  2.84744E-01  1.34647E-23  4.80832E-07  0.00000E+00  1.0E-07
  6.500E+01  2.88691E-01  1.30729E-23  4.66841E-07  0.00000E+00  1.0E-07
  6.550E+01  2.92653E-01  1.26949E-23  4.53343E-07  0.00000E+00  1.0E-07
  6.600E+01  2.96632E-01  1.23301E-23  4.40317E-07  0.00000E+00  1.0E-07
  6.650E+01  3.00625E-01  1.19780E-23  4.27742E-07  0.00000E+00  1.0E-07
  6.700E+01  3.04634E-01  1.16380E-23  4.15601E-07  0.00000E+00  1.0E-07
  6.750E+01  3.08658E-01  1.13096E-23  4.03874E-07  0.00000E+00  1.0E-07
  6.800E+01  3.12697E-01  1.09924E-23  3.92545E-07  0.00000E+00  1.0E-07
  6.850E+01  3.16749E-01  1.06858E-23  3.81598E-07  0.00000E+00  1.0E-07
  6.900E+01  3.20816E-01  1.03895E-23  3.71017E-07  0.00000E+00  1.0E-07
  6.950E+01  3.24896E-01  1.01031E-23  3.60787E-07  0.00000E+00  1.0E-07
  7.000E+01  3.28990E-01  9.82606E-24  3.50895E-07  0.00000E+00  1.0E-07
  7.050E+01  3.33097E-01  9.55813E-24  3.41327E-07  0.00000E+00  1.0E-07
  7.100E+01  3.37216E-01  9.29891E-24  3.32070E-07  0.00000E+00  1.0E-07
  7.150E+01  3.41348E-01  9.04806E-24  3.23112E-07  0.00000E+00  1.0E-07
  7.200E+01  3.45492E-01  8.80526E-24  3.14441E-07  0.00000E+00  1.0E-07
  7.250E+01  3.49647E-01  8.57018E-24  3.06047E-07  0.00000E+00  1.0E-07
  7.300E+01  3.53814E-01  8.34254E-24  2.97918E-07  0.00000E+00  1.0E-07
  7.350E+01  3.57992E-01  8.12206E-24  2.90044E-07  0.00000E+00  1.0E-07
  7.400E+01  3.62181E-01  7.90847E-24  2.82417E-07  0.00000E+00  1.0E-07
  7.450E+01  3.66381E-01  7.70151E-24  2.75026E-07  0.00000E+00  1.0E-07
  7.500E+01  3.70590E-01  7.50093E-24  2.67863E-07  0.00000E+00  1.0E-07
  7.550E+01  3.74810E-01  7.30649E-24  2.60919E-07  0.00000E+00  1.0E-07
  7.600E+01  3.79039E-01  7.11797E-24  2.54187E-07  0.00000E+00  1.0E-07
  7.650E+01  3.83277E-01  6.93515E-24  2.47659E-07  0.00000E+00  1.0E-07
  7.700E+01  3.87524E-01  6.75782E-24  2.41326E-07  0.00000E+00  1.0E-07
  7.750E+01  3.91780E-01  6.58579E-24  2.35183E-07  0.00000E+00  1.0E-07
  7.800E+01  3.96044E-01  6.41886E-24  2.29221E-07  0.00000E+00  1.0E-07
  7.850E+01  4.00316E-01  6.25685E-24  2.23436E-07  0.00000E+00  1.0E-07
  7.900E+01  4.04596E-01  6.09959E-24  2.17820E-07  0.00000E+00  1.0E-07
  7.950E+01  4.08882E-01  5.94692E-24  2.12368E-07  0.00000E+00  1.0E-07
  8.000E+01  4.13176E-01  5.79867E-24  2.07074E-07  0.00000E+00  1.0E-07
  8.050E+01  4.17476E-01  5.65469E-24  2.01933E-07  0.00000E+00  1.0E-07
  8.100E+01  4.21783E-01  5.51484E-24  1.96938E-07  0.00000E+00  1.0E-07
  8.150E+01  4.26095E-01  5.37896E-24  1.92086E-07  0.00000E+00  1.0E-07
  8.200E+01  4.30413E-01  5.24693E-24  1.87371E-07  0.00000E+00  1.0E-07
  8.250E+01  4.34737E-01  5.11861E-24  1.82789E-07  0.00000E+00  1.0E-07
  8.300E+01  4.39065E-01  4.99388E-24  1.78335E-07  0.00000E+00  1.0E-07
  8.350E+01  4.43398E-01  4.87261E-24  1.74004E-07  0.00000E+00  1.0E-07
  8.400E+01  4.47736E-01  4.75470E-24  1.69794E-07  0.00000E+00  1.0E-07
  8.450E+01  4.52077E-01  4.64004E-24  1.65699E-07  0.00000E+00  1.0E-07
  8.500E+01  4.56422E-01  4.52851E-24  1.61716E-07  0.00000E+00  1.0E-07
  8.550E+01  4.60770E-01  4.42002E-24  1.57842E-07  0.00000E+00  1.0E-07
  8.600E+01  4.65122E-01  4.31447E-24  1.54072E-07  0.00000E+00  1.0E-07
  8.650E+01  4.69476E-01  4.21175E-24  1.50404E-07  0.00000E+00  1.0E-07
  8.700E+01  4.73832E-01  4.11179E-24  1.46835E-07  0.00000E+00  1.0E-07
  8.750E+01  4.78190E-01  4.01449E-24  1.43360E-07  0.00000E+00  1.0E-07
  8.800E+01  4.82550E-01  3.91976E-24  1.39977E-07  0.00000E+00  1.0E-07
  8.850E+01  4.86912E-01  3.82752E-24  1.36683E-07  0.00000E+00  1.0E-07
  8.900E+01  4.91274E-01  3.73771E-24  1.33476E-07  0.00000E+00  1.0E-07
  8.950E+01  4.95637E-01  3.65023E-24  1.30352E-07  0.00000E+00  1.0E-07
  9.000E+01  5.00000E-01  3.56503E-24  1.27309E-07  0.00000E+00  1.0E-07
  9.050E+01  5.04363E-01  3.48202E-24  1.24345E-07  0.00000E+00  1.0E-07
  9.100E+01  5.08726E-01  3.40116E-24  1.21457E-07  0.00000E+00  1.0E-07
  9.150E+01  5.13088E-01  3.32236E-24  1.18643E-07  0.00000E+00  1.0E-07
  9.200E+01  5.17450E-01  3.24556E-24  1.15901E-07  0.00000E+00  1.0E-07
  9.250E+01  5.21810E-01  3.17071E-24  1.13228E-07  0.00000E+00  1.0E-07
  9.300E+01  5.26168E-01  3.09774E-24  1.10622E-07  0.00000E+00  1.0E-07
  9.350E+01  5.30524E-01  3.02660E-24  1.08082E-07  0.00000E+00  1.0E-07
  9.400E+01  5.34878E-01  2.95724E-24  1.05605E-07  0.00000E+00  1.0E-07
  9.450E+01  5.39230E-01  2.88959E-24  1.03189E-07  0.00000E+00  1.0E-07
  9.500E+01  5.43578E-01  2.82362E-24  1.00833E-07  0.00000E+00  1.0E-07
  9.550E+01  5.47923E-01  2.75927E-24  9.85353E-08  0.00000E+00  1.0E-07
  9.600E+01  5.52264E-01  2.69650E-24  9.62937E-08  0.00000E+00  1.0E-07
  9.650E+01  5.56602E-01  2.63526E-24  9.41068E-08  0.00000E+00  1.0E-07
  9.700E+01  5.60935E-01  2.57551E-24  9.19731E-08  0.00000E+00  1.0E-07
  9.750E+01  5.65263E-01  2.51720E-24  8.98910E-08  0.00000E+00  1.0E-07
  9.800E+01  5.69587E-01  2.46030E-24  8.78590E-08  0.00000E+00  1.0E-07
  9.850E+01  5.73905E-01  2.40476E-24  8.58756E-08  0.00000E+00  1.0E-07
  9.900E+01  5.78217E-01  2.35054E-24  8.39394E-08  0.00000E+00  1.0E-07
  9.950E+01  5.82524E-01  2.29761E-24  8.20492E-08  0.00000E+00  1.0E-07
  1.000E+02  5.86824E-01  2.24593E-24  8.02035E-08  0.00000E+00  1.0E-07
  1.005E+02  5.91118E-01  2.19546E-24  7.84013E-08  0.00000E+00  1.0E-07
  1.010E+02  5.95404E-01  2.14618E-24  7.66413E-08  0.00000E+00  1.0E-07
  1.015E+02  5.99684E-01  2.09805E-24  7.49228E-08  0.00000E+00  1.0E-07
  1.020E+02  6.03956E-01  2.05105E-24  7.32442E-08  0.00000E+00  1.0E-07
  1.025E+02  6.08220E-01  2.00513E-24  7.16046E-08  0.00000E+00  1.0E-07
  1.030E+02  6.12476E-01  1.96028E-24  7.00028E-08  0.00000E+00  1.0E-07
  1.035E+02  6.16723E-01  1.91645E-24  6.84377E-08  0.00000E+00  1.0E-07
  1.040E+02  6.20961E-01  1.87363E-24  6.69084E-08  0.00000E+00  1.0E-07
  1.045E+02  6.25190E-01  1.83178E-24  6.54139E-08  0.00000E+00  1.0E-07
  1.050E+02  6.29410E-01  1.79088E-24  6.39534E-08  0.00000E+00  1.0E-07
  1.055E+02  6.33619E-01  1.75091E-24  6.25260E-08  0.00000E+00  1.0E-07
  1.060E+02  6.37819E-01  1.71183E-24  6.11307E-08  0.00000E+00  1.0E-07
  1.065E+02  6.42008E-01  1.67364E-24  5.97669E-08  0.00000E+00  1.0E-07
  1.070E+02  6.46186E-01  1.63631E-24  5.84336E-08  0.00000E+00  1.0E-07
  1.075E+02  6.50353E-01  1.59981E-24  5.71301E-08  0.00000E+00  1.0E-07
  1.080E+02  6.54508E-01  1.56412E-24  5.58556E-08  0.00000E+00  1.0E-07
  1.085E+02  6.58652E-01  1.52922E-24  5.46093E-08  0.00000E+00  1.0E-07
  1.090E+02  6.62784E-01  1.49509E-24  5.33905E-08  0.00000E+00  1.0E-07
  1.095E+02  6.66903E-01  1.46171E-24  5.21985E-08  0.00000E+00  1.0E-07
  1.100E+02  6.71010E-01  1.42906E-24  5.10326E-08  0.00000E+00  1.0E-07
  1.105E+02  6.75104E-01  1.39713E-24  4.98923E-08  0.00000E+00  1.0E-07
  1.110E+02  6.79184E-01  1.36589E-24  4.87767E-08  0.00000E+00  1.0E-07
  1.115E+02  6.83251E-01  1.33533E-24  4.76854E-08  0.00000E+00  1.0E-07
  1.120E+02  6.87303E-01  1.30543E-24  4.66177E-08  0.00000E+00  1.0E-07
  1.125E+02  6.91342E-01  1.27618E-24  4.55731E-08  0.00000E+00  1.0E-07
  1.130E+02  6.95366E-01  1.24755E-24  4.45510E-08  0.00000E+00  1.0E-07
  1.135E+02  6.99375E-01  1.21955E-24  4.35508E-08  0.00000E+00  1.0E-07
  1.140E+02  7.03368E-01  1.19214E-24  4.25720E-08  0.00000E+00  1.0E-07
  1.145E+02  7.07347E-01  1.16531E-24  4.16141E-08  0.00000E+00  1.0E-07
  1.150E+02  7.11309E-01  1.13906E-24  4.06766E-08  0.00000E+00  1.0E-07
  1.155E+02  7.15256E-01  1.11336E-24  3.97589E-08  0.00000E+00  1.0E-07
  1.160E+02  7.19186E-01  1.08821E-24  3.88607E-08  0.00000E+00  1.0E-07
  1.165E+02  7.23099E-01  1.06359E-24  3.79814E-08  0.00000E+00  1.0E-07
  1.170E+02  7.26995E-01  1.03948E-24  3.71206E-08  0.00000E+00  1.0E-07
  1.175E+02  7.30874E-01  1.01589E-24  3.62779E-08  0.00000E+00  1.0E-07
  1.180E+02  7.34736E-01  9.92781E-25  3.54529E-08  0.00000E+00  1.0E-07
  1.185E+02  7.38579E-01  9.70160E-25  3.46450E-08  0.00000E+00  1.0E-07
  1.190E+02  7.42405E-01  9.48010E-25  3.38541E-08  0.00000E+00  1.0E-07
  1.195E+02  7.46212E-01  9.26321E-25  3.30795E-08  0.00000E+00  1.0E-07
  1.200E+02  7.50000E-01  9.05082E-25  3.23211E-08  0.00000E+00  1.0E-07
  1.205E+02  7.53769E-01  8.84284E-25  3.15783E-08  0.00000E+00  1.0E-07
  1.210E+02  7.57519E-01  8.63915E-25  3.08510E-08  0.00000E+00  1.0E-07
  1.215E+02  7.61249E-01  8.43966E-25  3.01386E-08  0.00000E+00  1.0E-07
  1.220E+02  7.64960E-01  8.24428E-25  2.94409E-08  0.00000E+00  1.0E-07
  1.225E+02  7.68650E-01  8.05292E-25  2.87575E-08  0.00000E+00  1.0E-07
  1.230E+02  7.72320E-01  7.86548E-25  2.80881E-08  0.00000E+00  1.0E-07
  1.235E+02  7.75968E-01  7.68187E-25  2.74325E-08  0.00000E+00  1.0E-07
  1.240E+02  7.79596E-01  7.50202E-25  2.67902E-08  0.00000E+00  1.0E-07
  1.245E+02  7.83203E-01  7.32584E-25  2.61611E-08  0.00000E+00  1.0E-07
  1.250E+02  7.86788E-01  7.15325E-25  2.55447E-08  0.00000E+00  1.0E-07
  1.255E+02  7.90351E-01  6.98418E-25  2.49409E-08  0.00000E+00  1.0E-07
  1.260E+02  7.93893E-01  6.81854E-25  2.43494E-08  0.00000E+00  1.0E-07
  1.265E+02  7.97411E-01  6.65626E-25  2.37699E-08  0.00000E+00  1.0E-07
  1.270E+02  8.00908E-01  6.49728E-25  2.32022E-08  0.00000E+00  1.0E-07
  1.275E+02  8.04381E-01  6.34152E-25  2.26460E-08  0.00000E+00  1.0E-07
  1.280E+02  8.07831E-01  6.18891E-25  2.21010E-08  0.00000E+00  1.0E-07
  1.285E+02  8.11257E-01  6.03939E-25  2.15670E-08  0.00000E+00  1.0E-07
  1.290E+02  8.14660E-01  5.89289E-25  2.10439E-08  0.00000E+00  1.0E-07
  1.295E+02  8.18039E-01  5.74935E-25  2.05313E-08  0.00000E+00  1.0E-07
  1.300E+02  8.21394E-01  5.60871E-25  2.00291E-08  0.00000E+00  1.0E-07
  1.305E+02  8.24724E-01  5.47090E-25  1.95370E-08  0.00000E+00  1.0E-07
  1.310E+02  8.28030E-01  5.33588E-25  1.90548E-08  0.00000E+00  1.0E-07
  1.315E+02  8.31310E-01  5.20358E-25  1.85823E-08  0.00000E+00  1.0E-07
  1.320E+02  8.34565E-01  5.07394E-25  1.81194E-08  0.00000E+00  1.0E-07
  1.325E+02  8.37795E-01  4.94692E-25  1.76658E-08  0.00000E+00  1.0E-07
  1.330E+02  8.40999E-01  4.82246E-25  1.72213E-08  0.00000E+00  1.0E-07
  1.335E+02  8.44177E-01  4.70052E-25  1.67859E-08  0.00000E+00  1.0E-07
  1.340E+02  8.47329E-01  4.58103E-25  1.63592E-08  0.00000E+00  1.0E-07
  1.345E+02  8.50455E-01  4.46396E-25  1.59411E-08  0.00000E+00  1.0E-07
  1.350E+02  8.53553E-01  4.34925E-25  1.55315E-08  0.00000E+00  1.0E-07
  1.355E+02  8.56625E-01  4.23686E-25  1.51301E-08  0.00000E+00  1.0E-07
  1.360E+02  8.59670E-01  4.12675E-25  1.47369E-08  0.00000E+00  1.0E-07
  1.365E+02  8.62687E-01  4.01887E-25  1.43516E-08  0.00000E+00  1.0E-07
  1.370E+02  8.65677E-01  3.91318E-25  1.39742E-08  0.00000E+00  1.0E-07
  1.375E+02  8.68639E-01  3.80963E-25  1.36044E-08  0.00000E+00  1.0E-07
  1.380E+02  8.71572E-01  3.70820E-25  1.32422E-08  0.00000E+00  1.0E-07
  1.385E+02  8.74478E-01  3.60883E-25  1.28873E-08  0.00000E+00  1.0E-07
  1.390E+02  8.77355E-01  3.51148E-25  1.25397E-08  0.00000E+00  1.0E-07
  1.395E+02  8.80203E-01  3.41613E-25  1.21992E-08  0.00000E+00  1.0E-07
  1.400E+02  8.83022E-01  3.32274E-25  1.18657E-08  0.00000E+00  1.0E-07
  1.405E+02  8.85812E-01  3.23126E-25  1.15390E-08  0.00000E+00  1.0E-07
  1.410E+02  8.88573E-01  3.14167E-25  1.12191E-08  0.00000E+00  1.0E-07
  1.415E+02  8.91304E-01  3.05393E-25  1.09058E-08  0.00000E+00  1.0E-07
  1.420E+02  8.94005E-01  2.96801E-25  1.05989E-08  0.00000E+00  1.0E-07
  1.425E+02  8.96677E-01  2.88387E-25  1.02985E-08  0.00000E+00  1.0E-07
  1.430E+02  8.99318E-01  2.80149E-25  1.00043E-08  0.00000E+00  1.0E-07
  1.435E+02  9.01928E-01  2.72083E-25  9.71628E-09  0.00000E+00  1.0E-07
  1.440E+02  9.04508E-01  2.64187E-25  9.43430E-09  0.00000E+00  1.0E-07
  1.445E+02  9.07058E-01  2.56458E-25  9.15827E-09  0.00000E+00  1.0E-07
  1.450E+02  9.09576E-01  2.48892E-25  8.88809E-09  0.00000E+00  1.0E-07
  1.455E+02  9.12063E-01  2.41487E-25  8.62366E-09  0.00000E+00  1.0E-07
  1.460E+02  9.14519E-01  2.34241E-25  8.36489E-09  0.00000E+00  1.0E-07
  1.465E+02  9.16943E-01  2.27150E-25  8.11168E-09  0.00000E+00  1.0E-07
  1.470E+02  9.19335E-01  2.20213E-25  7.86394E-09  0.00000E+00  1.0E-07
  1.475E+02  9.21696E-01  2.13426E-25  7.62157E-09  0.00000E+00  1.0E-07
  1.480E+02  9.24024E-01  2.06787E-25  7.38451E-09  0.00000E+00  1.0E-07
  1.485E+02  9.26320E-01  2.00295E-25  7.15266E-09  0.00000E+00  1.0E-07
  1.490E+02  9.28584E-01  1.93946E-25  6.92593E-09  0.00000E+00  1.0E-07
  1.495E+02  9.30815E-01  1.87738E-25  6.70426E-09  0.00000E+00  1.0E-07
  1.500E+02  9.33013E-01  1.81670E-25  6.48756E-09  0.00000E+00  1.0E-07
  1.505E+02  9.35178E-01  1.75739E-25  6.27576E-09  0.00000E+00  1.0E-07
  1.510E+02  9.37310E-01  1.69943E-25  6.06878E-09  0.00000E+00  1.0E-07
  1.515E+02  9.39409E-01  1.64280E-25  5.86655E-09  0.00000E+00  1.0E-07
  1.520E+02  9.41474E-01  1.58748E-25  5.66901E-09  0.00000E+00  1.0E-07
  1.525E+02  9.43505E-01  1.53346E-25  5.47607E-09  0.00000E+00  1.0E-07
  1.530E+02  9.45503E-01  1.48070E-25  5.28769E-09  0.00000E+00  1.0E-07
  1.535E+02  9.47467E-01  1.42921E-25  5.10379E-09  0.00000E+00  1.0E-07
  1.540E+02  9.49397E-01  1.37895E-25  4.92431E-09  0.00000E+00  1.0E-07
  1.545E+02  9.51293E-01  1.32991E-25  4.74920E-09  0.00000E+00  1.0E-07
  1.550E+02  9.53154E-01  1.28208E-25  4.57838E-09  0.00000E+00  1.0E-07
  1.555E+02  9.54981E-01  1.23543E-25  4.41181E-09  0.00000E+00  1.0E-07
  1.560E+02  9.56773E-01  1.18996E-25  4.24943E-09  0.00000E+00  1.0E-07
  1.565E+02  9.58530E-01  1.14565E-25  4.09118E-09  0.00000E+00  1.0E-07
  1.570E+02  9.60252E-01  1.10248E-25  3.93701E-09  0.00000E+00  1.0E-07
  1.575E+02  9.61940E-01  1.06043E-25  3.78687E-09  0.00000E+00  1.0E-07
  1.580E+02  9.63592E-01  1.01950E-25  3.64071E-09  0.00000E+00  1.0E-07
  1.585E+02  9.65209E-01  9.79676E-26  3.49849E-09  0.00000E+00  1.0E-07
  1.590E+02  9.66790E-01  9.40937E-26  3.36015E-09  0.00000E+00  1.0E-07
  1.595E+02  9.68336E-01  9.03272E-26  3.22564E-09  0.00000E+00  1.0E-07
  1.600E+02  9.69846E-01  8.66671E-26  3.09494E-09  0.00000E+00  1.0E-07
  1.605E+02  9.71321E-01  8.31120E-26  2.96798E-09  0.00000E+00  1.0E-07
  1.610E+02  9.72759E-01  7.96609E-26  2.84474E-09  0.00000E+00  1.0E-07
  1.615E+02  9.74162E-01  7.63125E-26  2.72517E-09  0.00000E+00  1.0E-07
  1.620E+02  9.75528E-01  7.30659E-26  2.60923E-09  0.00000E+00  1.0E-07
  1.625E+02  9.76858E-01  6.99199E-26  2.49688E-09  0.00000E+00  1.0E-07
  1.630E+02  9.78152E-01  6.68736E-26  2.38810E-09  0.00000E+00  1.0E-07
  1.635E+02  9.79410E-01  6.39259E-26  2.28284E-09  0.00000E+00  1.0E-07
  1.640E+02  9.80631E-01  6.10760E-26  2.18106E-09  0.00000E+00  1.0E-07
  1.645E+02  9.81815E-01  5.83228E-26  2.08275E-09  0.00000E+00  1.0E-07
  1.650E+02  9.82963E-01  5.56656E-26  1.98785E-09  0.00000E+00  1.0E-07
  1.655E+02  9.84074E-01  5.31034E-26  1.89636E-09  0.00000E+00  1.0E-07
  1.660E+02  9.85148E-01  5.06355E-26  1.80823E-09  0.00000E+00  1.0E-07
  1.665E+02  9.86185E-01  4.82611E-26  1.72343E-09  0.00000E+00  1.0E-07
  1.670E+02  9.87185E-01  4.59794E-26  1.64195E-09  0.00000E+00  1.0E-07
  1.675E+02  9.88148E-01  4.37896E-26  1.56376E-09  0.00000E+00  1.0E-07
  1.680E+02  9.89074E-01  4.16912E-26  1.48882E-09  0.00000E+00  1.0E-07
  1.685E+02  9.89962E-01  3.96834E-26  1.41712E-09  0.00000E+00  1.0E-07
  1.690E+02  9.90814E-01  3.77656E-26  1.34863E-09  0.00000E+00  1.0E-07
  1.695E+02  9.91627E-01  3.59372E-26  1.28334E-09  0.00000E+00  1.0E-07
  1.700E+02  9.92404E-01  3.41976E-26  1.22122E-09  0.00000E+00  1.0E-07
  1.705E+02  9.93143E-01  3.25463E-26  1.16225E-09  0.00000E+00  1.0E-07
  1.710E+02  9.93844E-01  3.09827E-26  1.10641E-09  0.00000E+00  1.0E-07
  1.715E+02  9.94508E-01  2.95064E-26  1.05369E-09  0.00000E+00  1.0E-07
  1.720E+02  9.95134E-01  2.81169E-26  1.00407E-09  0.00000E+00  1.0E-07
  1.725E+02  9.95722E-01  2.68138E-26  9.57538E-10  0.00000E+00  1.0E-07
  1.730E+02  9.96273E-01  2.55966E-26  9.14072E-10  0.00000E+00  1.0E-07
  1.735E+02  9.96786E-01  2.44650E-26  8.73662E-10  0.00000E+00  1.0E-07
  1.740E+02  9.97261E-01  2.34187E-26  8.36296E-10  0.00000E+00  1.0E-07
  1.745E+02  9.97698E-01  2.24572E-26  8.01962E-10  0.00000E+00  1.0E-07
  1.750E+02  9.98097E-01  2.15804E-26  7.70648E-10  0.00000E+00  1.0E-07
  1.755E+02  9.98459E-01  2.07878E-26  7.42347E-10  0.00000E+00  1.0E-07
  1.760E+02  9.98782E-01  2.00794E-26  7.17048E-10  0.00000E+00  1.0E-07
  1.765E+02  9.99067E-01  1.94548E-26  6.94744E-10  0.00000E+00  1.0E-07
  1.770E+02  9.99315E-01  1.89139E-26  6.75427E-10  0.00000E+00  1.0E-07
  1.775E+02  9.99524E-01  1.84565E-26  6.59093E-10  0.00000E+00  1.0E-07
  1.780E+02  9.99695E-01  1.80824E-26  6.45735E-10  0.00000E+00  1.0E-07
  1.785E+02  9.99829E-01  1.77916E-26  6.35350E-10  0.00000E+00  1.0E-07
  1.790E+02  9.99924E-01  1.75840E-26  6.27935E-10  0.00000E+00  1.0E-07
  1.795E+02  9.99981E-01  1.74594E-26  6.23486E-10  0.00000E+00  1.0E-07
  1.800E+02  1.00000E+00  1.74179E-26  6.22003E-10  0.00000E+00  1.0E-07
